0.0	4.574
0.474	11.76
1.472	11.441
2.472	12.098
3.473	11.852
4.4719999999999995	12.886
5.4719999999999995	6.804
6.4719999999999995	0.0
7.4719999999999995	7.657
8.472	9.575
9.472	13.199
10.472	12.323
11.472	16.998
12.472	11.011
13.472999999999999	14.253
14.472	17.049
15.472	14.167
16.473	15.819
17.473	15.291
18.471999999999998	12.279
19.471999999999998	10.546
20.473	19.627
21.473	21.263
22.471999999999998	23.483
23.471999999999998	26.984
24.471999999999998	27.526
25.473	21.341
26.471999999999998	14.823
27.473	15.069
28.471999999999998	14.22
29.473	15.865
30.473	16.794
31.471999999999998	18.948
32.471999999999994	14.069
33.47299999999999	3.402
34.471999999999994	16.286
35.471999999999994	9.825
36.47299999999999	16.462
37.471999999999994	14.212
38.471999999999994	33.123
39.47299999999999	15.09
40.471999999999994	30.285
41.471999999999994	24.568
42.471999999999994	32.304
43.471999999999994	25.779
44.47299999999999	23.815
45.471999999999994	34.59
46.471999999999994	25.724
47.471999999999994	22.912
48.471999999999994	33.487
49.471999999999994	41.798
50.471999999999994	34.416
51.471999999999994	37.383
52.471999999999994	22.992
53.471999999999994	38.739
54.47299999999999	34.013
55.47299999999999	34.521
56.471999999999994	12.827
57.471999999999994	32.087
58.471999999999994	14.177
59.47299999999999	30.42
60.47299999999999	17.337
61.471999999999994	25.52
62.47299999999999	26.611
63.471999999999994	24.768
64.472	26.382
65.472	23.596
66.473	23.427
67.473	22.851
68.472	30.421
69.472	25.483
70.472	38.717
71.473	20.238
72.473	29.323
73.472	40.769
74.473	38.219
75.472	23.172
76.472	22.511
77.472	29.474
78.472	15.619
79.473	18.372
80.472	13.404
81.472	16.472
82.472	10.977
83.473	21.654
84.472	6.33
85.472	6.567
86.472	8.64
87.473	18.728
88.472	17.869
89.472	23.316
90.472	23.669
91.472	22.657
92.472	23.455
93.472	19.738
94.473	16.456
95.472	16.472
96.473	19.953
97.473	18.753
98.473	24.213
99.472	21.416
100.472	26.487
101.473	23.007
102.473	25.908
103.472	24.561
104.473	26.856
105.472	25.374
106.473	22.031
107.474	20.652
108.47200000000001	1.757
109.47200000000001	33.549
110.47200000000001	22.57
111.47300000000001	33.004
112.47200000000001	22.535
113.47200000000001	28.846
114.47200000000001	21.242
115.47200000000001	22.648
116.47200000000001	12.825
117.47200000000001	25.877
118.47300000000001	15.501
119.47200000000001	25.773
120.47200000000001	25.414
121.47300000000001	17.044
122.47200000000001	18.127
123.47200000000001	18.677
124.47200000000001	20.55
125.47300000000001	21.226
126.47200000000001	26.814
127.47300000000001	21.389
128.472	15.065
129.473	29.572
130.472	19.885
131.472	22.524
132.472	13.949
133.473	20.27
134.472	37.934
135.472	29.051
136.472	24.522
137.472	23.866
138.472	24.138
139.472	17.007
140.472	19.653
141.472	14.163
142.472	24.053
143.472	17.772
144.472	17.933
145.472	24.425
146.472	22.193
147.472	23.294
148.472	21.2
149.473	26.195
150.472	26.968
151.472	25.881
152.472	23.895
153.473	21.686
154.472	3.256
155.472	21.611
156.472	0.0
157.473	3.757
158.472	14.849
159.473	16.181
160.472	17.977
161.472	17.76
162.472	18.893
163.472	16.035
164.472	14.515
165.472	15.125
166.472	17.186
167.473	16.307
168.472	19.35
169.472	22.397
170.473	21.655
171.472	10.858
172.472	12.983
173.472	4.212
174.473	0.0
175.472	28.165
176.472	44.925
177.472	47.054
178.472	45.465
179.472	43.189
180.472	35.286
181.473	38.332
182.472	32.71
183.473	25.889
184.472	40.254
185.473	56.663
186.472	53.669
187.473	44.018
188.472	27.448
189.473	51.366
190.472	54.099
191.472	45.445
192.473	49.758
193.472	34.373
194.472	39.419
195.472	61.28
196.473	47.938
197.472	50.003
198.472	26.247
199.472	46.088
200.472	57.131
201.472	55.224
202.473	53.149
203.473	31.047
204.473	38.081
205.472	56.321
206.473	54.728
207.472	51.412
208.472	27.17
209.473	40.574
210.472	55.584
211.473	54.35
212.472	54.231
213.472	32.506
214.473	35.916
215.472	52.15
216.472	56.852
217.472	54.001
218.472	36.831
219.472	34.437
220.473	50.808
221.472	53.379
222.472	52.215
223.472	34.668
224.472	32.21
225.472	55.96
226.473	56.204
227.472	54.296
228.472	34.226
229.472	12.582
230.472	31.131
231.473	55.203
232.472	55.164
233.472	30.064
234.472	40.861
235.472	55.41
236.472	53.575
237.472	55.541
238.472	27.41
239.472	35.635
240.472	55.64
241.472	56.95
242.472	56.36
243.472	39.305
244.472	33.422
245.473	47.839
246.472	59.604
247.472	56.222
248.473	38.327
249.472	31.784
250.472	50.166
251.473	53.252
252.472	51.183
253.472	31.621
254.472	28.377
255.472	54.198
256.472	53.837
257.472	54.837
258.472	37.421
259.472	30.572
260.472	57.802
261.472	55.126
262.47299999999996	55.024
263.47299999999996	30.457
264.47299999999996	30.307
265.472	53.444
266.472	52.183
267.472	53.805
268.472	39.059
269.472	37.322
270.472	47.841
271.472	53.751
272.47299999999996	53.235
273.472	40.075
274.472	28.807
275.47299999999996	48.069
276.472	53.952
277.472	54.951
278.472	40.665
279.472	26.099
280.472	50.626
281.472	54.553
282.47299999999996	55.056
283.472	39.223
284.472	35.19
285.47299999999996	50.331
286.47299999999996	54.596
287.472	54.067
288.472	44.826
289.472	33.422
290.47299999999996	46.363
291.472	52.789
292.472	58.49
293.472	42.303
294.472	38.092
295.472	47.398
296.472	53.821
297.472	52.18
298.47299999999996	45.035
299.472	33.193
300.47299999999996	44.789
301.472	49.119
302.472	52.969
303.472	44.711
304.472	32.473
305.472	49.643
306.472	57.442
307.472	44.211
308.47299999999996	32.631
309.47299999999996	28.307
310.472	56.164
311.472	39.343
312.472	39.555
313.472	38.822
314.47299999999996	24.994
315.472	56.83
316.47299999999996	42.544
317.472	43.287
318.47299999999996	32.922
319.472	29.327
320.472	54.744
321.474	37.695
322.472	39.307
323.472	23.251
324.47299999999996	9.6
325.47299999999996	14.702
326.47299999999996	11.669
327.472	16.553
328.472	18.225
329.472	23.924
330.472	21.691
331.472	16.353
332.47299999999996	30.878
333.47299999999996	27.364
334.472	27.303
335.47299999999996	35.014
336.47299999999996	34.518
337.472	40.524
338.472	37.164
339.472	31.785
340.47299999999996	54.924
341.472	41.168
342.472	43.34
343.47299999999996	41.116
344.472	30.867
345.472	53.985
346.472	50.864
347.472	31.043
348.472	36.955
349.472	28.36
350.472	46.268
351.47299999999996	40.31
352.472	39.696
353.47299999999996	28.283
354.472	36.47
355.472	48.296
356.472	40.735
357.472	39.354
358.472	35.124
359.472	24.215
360.472	25.165
361.472	47.809
362.47299999999996	56.105
363.472	27.029
364.472	33.947
365.472	47.415
366.472	48.096
367.472	40.658
368.472	25.145
369.47299999999996	24.01
370.472	44.515
371.472	52.396
372.472	38.223
373.472	54.804
374.472	37.388
375.472	39.675
376.47299999999996	56.524
377.47299999999996	53.308
378.47299999999996	46.077
379.47299999999996	27.716
380.472	38.567
381.472	53.133
382.472	53.739
383.472	53.411
384.472	31.358
385.472	29.442
386.472	55.885
387.472	55.164
388.472	56.311
389.472	31.719
390.472	32.178
391.472	53.28
392.472	54.87
393.472	46.745
394.472	29.638
395.472	36.782
396.472	55.836
397.472	53.489
398.47299999999996	53.711
399.472	29.032
400.472	27.197
401.472	52.9
402.47299999999996	53.858
403.472	54.034
404.472	35.848
405.472	28.803
406.472	53.145
407.47299999999996	55.072
408.472	57.622
409.472	44.683
410.47299999999996	31.16
411.472	46.989
412.472	53.51
413.472	60.817
414.472	33.226
415.472	26.378
416.472	57.212
417.472	56.131
418.472	42.786
419.472	20.158
420.472	30.408
421.472	40.482
422.472	43.47
423.472	57.212
424.472	47.71
425.472	34.732
426.47299999999996	39.131
427.472	56.131
428.472	55.158
429.47299999999996	47.561
430.472	31.391
431.472	9.043
432.472	53.248
433.472	54.591
434.472	41.222
435.472	32.997
436.472	47.218
437.472	50.445
438.47299999999996	53.629
439.472	47.939
440.472	35.979
441.472	41.541
442.47299999999996	53.563
443.472	53.968
444.472	48.365
445.472	35.848
446.472	31.949
447.47299999999996	50.692
448.47299999999996	54.072
449.472	54.389
450.47299999999996	33.571
451.472	33.865
452.472	52.363
453.472	54.214
454.472	52.969
455.472	32.964
456.472	30.113
457.472	53.592
458.472	57.72
459.472	54.689
460.472	35.225
461.472	33.259
462.472	54.034
463.472	57.057
464.47299999999996	52.743
465.472	41.254
466.472	25.608
467.472	51.478
468.472	52.232
469.472	53.968
470.472	34.308
471.472	31.08
472.472	52.327
473.47299999999996	57.032
474.47299999999996	53.444
475.47299999999996	43.231
476.472	36.728
477.47299999999996	41.966
478.47399999999993	55.554
479.4719999999999	49.84
480.4719999999999	50.987

