0.0	0.0
0.115	20.541
1.115	26.681
2.1159999999999997	22.689
3.1159999999999997	22.507
4.114999999999999	18.144
5.114999999999999	13.428
6.116	32.393
7.114999999999999	24.588
8.114999999999998	14.284
9.114999999999998	12.255
10.114999999999998	29.016
11.114999999999998	37.574
12.114999999999998	27.725
13.114999999999998	29.378
14.115999999999998	21.578
15.115999999999998	27.553
16.116	25.029
17.115	28.137
18.115	26.719
19.115	28.307
20.115	21.718
21.116	23.382
22.115	29.781
23.115	23.035
24.115	35.19
25.115	28.182
26.115	31.789
27.115	28.448
28.116	22.375
29.115	21.494
30.115	25.32
31.115	24.756
32.116	21.835
33.116	23.275
34.115	17.908
35.115	18.487
36.115	20.133
37.115	26.405
38.116	36.723
39.115	35.171
40.115	38.196
41.115	46.228
42.115	41.705
43.115	35.13
44.115	31.884
45.116	54.121
46.115	51.999
47.116	55.252
48.115	36.237
49.116	21.927
50.115	27.197
51.115	53.788
52.115	53.51
53.115	32.334
54.115	35.845
55.116	44.75
56.115	33.608
57.116	34.748
58.115	32.798
59.115	33.161
60.115	35.789
61.115	30.035
62.116	30.131
63.115	31.677
64.116	31.853
65.115	29.432
66.115	29.39
67.115	22.278
68.115	11.862
69.115	39.949
70.115	29.845
71.115	6.059
72.116	46.598
73.115	31.848
74.116	31.018
75.115	29.86
76.115	35.991
77.115	34.108
78.116	32.362
79.116	40.422
80.115	34.883
81.116	30.791
82.116	31.128
83.115	32.328
84.116	37.245
85.115	54.427
86.115	47.082
87.115	43.814
88.115	28.409
89.116	22.65
90.116	35.876
91.115	29.36
92.115	33.582
93.116	43.105
94.115	33.292
95.115	55.82
96.115	44.947
97.115	36.455
98.115	28.534
99.115	11.514
100.115	51.993
101.115	29.641
102.115	29.462
103.116	33.938
104.115	31.448
105.115	34.53
106.115	28.128
107.116	34.79
108.116	37.611
109.115	8.822
110.116	36.54
111.115	52.133
112.115	54.925
113.116	43.392
114.116	27.995
115.115	41.616
116.115	44.571
117.11699999999999	46.47
118.11599999999999	43.832
119.11499999999998	40.477
120.11499999999998	42.252
121.11599999999999	45.446
122.11499999999998	46.995
123.11499999999998	47.257
124.11499999999998	28.311
125.11499999999998	38.442
126.11499999999998	41.319
127.11599999999999	55.236
128.11599999999999	30.687
129.11599999999999	29.552
130.11499999999998	53.51
131.11499999999998	37.49
132.11499999999998	21.621
133.11499999999998	32.609
134.11499999999998	38.988
135.11499999999998	36.66
136.11499999999998	34.769
137.11499999999998	32.719
138.11499999999998	35.098
139.11499999999998	40.271
140.11499999999998	38.518
141.11499999999998	56.337
142.11599999999999	56.909
143.11499999999998	40.264
144.11499999999998	28.27
145.11499999999998	42.074
146.11499999999998	53.325
147.11599999999999	56.342
148.11499999999998	46.758
149.11599999999999	38.36
150.11499999999998	36.958
151.11599999999999	47.535
152.11499999999998	50.764
153.11499999999998	35.605
154.11499999999998	35.426
155.11499999999998	45.137
156.11499999999998	51.943
157.11499999999998	44.714
158.11599999999999	52.47
159.11499999999998	38.829
160.11599999999999	35.752
161.11499999999998	53.641
162.11499999999998	56.393
163.11499999999998	57.286
164.11599999999999	32.669
165.11499999999998	30.116
166.11599999999999	57.204
167.11499999999998	54.087
168.11599999999999	39.0
169.11499999999998	40.042
170.11499999999998	38.169
171.11599999999999	46.958
172.11499999999998	39.529
173.11499999999998	53.342
174.11599999999999	30.275
175.11499999999998	35.127
176.11499999999998	59.785
177.11499999999998	56.705
178.11499999999998	56.508
179.11499999999998	38.01
180.11499999999998	28.594
181.11599999999999	53.137
182.11499999999998	55.158
183.11599999999999	52.973
184.11499999999998	35.782
185.11499999999998	5.799
186.11499999999998	31.326
187.11499999999998	55.541
188.11499999999998	55.59
189.11499999999998	36.782
190.11499999999998	43.897
191.11599999999999	54.662
192.11499999999998	58.867
193.11499999999998	55.345
194.11499999999998	36.401
195.11599999999999	39.984
196.11499999999998	52.409
197.11599999999999	58.877
198.11499999999998	54.82
199.11499999999998	34.701
200.11499999999998	30.214
201.11599999999999	55.492
202.11599999999999	54.957
203.11499999999998	55.869
204.11499999999998	45.109
205.11599999999999	33.882
206.11599999999999	51.3
207.11499999999998	57.212
208.11499999999998	58.252
209.11599999999999	36.294
210.11499999999998	34.863
211.11599999999999	53.924
212.11499999999998	57.884
213.11499999999998	56.344
214.11499999999998	47.939
215.11499999999998	36.503
216.11499999999998	44.04
217.11499999999998	57.016
218.11499999999998	55.099
219.11499999999998	41.828
220.11499999999998	32.899
221.11499999999998	49.757
222.11599999999999	57.335
223.11499999999998	55.607
224.11499999999998	44.236
225.11499999999998	33.88
226.11599999999999	49.857
227.11499999999998	58.064
228.11499999999998	55.017
229.11499999999998	45.809
230.11499999999998	34.734
231.11499999999998	42.729
232.11499999999998	56.098
233.11499999999998	56.655
234.11499999999998	53.931
235.11599999999999	28.704
236.11599999999999	45.888
237.11499999999998	57.925
238.11599999999999	61.288
239.11499999999998	46.579
240.11499999999998	31.131
241.11599999999999	46.609
242.11499999999998	55.345
243.11499999999998	54.411
244.11499999999998	44.089
245.11499999999998	14.649
246.11599999999999	24.788
247.11599999999999	49.938
248.11599999999999	56.745
249.11499999999998	51.885
250.11599999999999	31.751
251.11499999999998	39.206
252.11499999999998	50.003
253.11499999999998	34.584
254.11599999999999	26.568
255.11499999999998	27.967
256.115	35.323
257.115	54.771
258.115	55.787
259.115	47.415
260.115	33.685
261.115	43.565
262.115	54.591
263.115	56.37
264.116	52.071
265.115	30.665
266.115	36.962
267.115	56.73
268.116	42.686
269.115	39.523
270.116	26.434
271.115	44.881
272.116	43.291
273.115	36.723
274.115	34.084
275.115	29.72
276.115	40.895
277.116	31.099
278.115	23.131
279.115	24.21
280.115	25.773
281.115	22.15
282.115	16.5
283.115	24.973
284.115	26.627
285.115	11.591
286.116	23.1
287.115	6.858
288.115	34.999
289.115	34.785
290.115	35.976
291.116	41.412
292.115	34.413
293.116	43.49
294.116	44.472
295.115	27.252
296.116	42.188
297.116	58.024
298.115	46.04
299.115	38.688
300.115	34.504
301.115	35.749
302.115	48.331
303.115	52.788
304.116	53.272
305.115	35.946
306.115	31.588
307.115	53.493
308.115	55.443
309.115	54.067
310.115	37.027
311.115	31.458
312.116	55.22
313.115	52.982
314.116	58.09
315.115	22.505
316.116	21.468
317.115	36.028
318.115	57.532
319.116	58.057
320.115	37.879
321.115	40.329
322.116	57.549
323.115	57.868
324.115	56.41
325.115	40.861
326.115	31.982
327.116	45.986
328.115	58.392
329.115	57.016
330.115	39.059
331.115	31.621
332.115	43.81
333.115	53.542
334.115	55.607
335.115	44.531
336.115	32.849
337.115	46.481
338.115	57.09
339.116	53.826
340.115	39.511
341.116	29.848
342.115	53.489
343.116	55.58
344.115	55.574
345.115	37.257
346.115	33.914
347.115	45.109
348.116	53.514
349.115	54.438
350.116	43.821
351.115	31.884
352.116	44.445
353.115	49.593
354.116	55.367
355.115	40.771
356.116	29.442
357.116	53.235
358.115	51.427
359.116	54.99
360.115	41.917
361.116	29.556
362.116	52.658
363.116	54.411
364.116	56.22
365.115	48.087
366.115	37.257
367.115	35.061
368.115	55.246
369.115	38.251
370.115	34.431
371.115	37.087
372.115	39.153
373.116	43.082
374.116	44.759
375.116	40.863
376.115	31.653
377.115	49.053
378.115	53.702
379.116	29.335
380.116	40.54
381.116	29.799
382.115	49.987
383.115	52.69
384.115	56.197
385.115	54.296
386.115	31.784
387.115	7.038
388.116	35.474
389.115	52.707
390.115	53.837
391.115	35.976
392.116	30.68
393.115	22.109
394.115	1.712
395.116	34.654
396.116	26.236
397.115	21.546
398.116	27.017
399.115	39.87
400.115	33.349
401.115	34.242
402.115	52.232
403.115	43.531
404.115	29.405
405.115	47.25
406.115	30.441
407.116	37.852
408.115	55.476
409.115	54.067
410.115	52.232
411.115	27.262
412.115	39.223
413.115	60.243
414.115	60.194
415.115	49.856
416.115	32.98
417.116	26.968
418.116	54.678
419.115	55.541
420.115	61.374

