0.0	0.0
0.036	13.388
1.036	18.645
2.036	13.011
3.036	19.104
4.036	15.193
5.034999999999999	19.431
6.034999999999999	16.343
7.034999999999999	16.619
8.036	15.732
9.036	16.537
10.035	24.067
11.036	20.769
12.035	17.793
13.035	18.419
14.035	17.788
15.035	15.404
16.035	15.351
17.036	17.725
18.035	21.363
19.035	19.195
20.035	20.285
21.036	16.375
22.035	24.175
23.036	21.956
24.035	18.613
25.035	20.226
26.036	21.147
27.036	14.983
28.035	19.421
29.035	17.56
30.036	22.829
31.036	10.007
32.036	26.032
33.036	24.666
34.035000000000004	16.504
35.036	19.203
36.035000000000004	17.48
37.035000000000004	15.194
38.035000000000004	13.372
39.035000000000004	16.38
40.035000000000004	13.825
41.035000000000004	18.282
42.036	25.105
43.036	22.707
44.035000000000004	26.932
45.035000000000004	21.6
46.036	23.565
47.035000000000004	16.92
48.035000000000004	19.82
49.035000000000004	22.274
50.035000000000004	29.265
51.036	19.387
52.035000000000004	25.284
53.036	25.356
54.035000000000004	17.049
55.035000000000004	19.626
56.035000000000004	19.874
57.035000000000004	17.966
58.035000000000004	18.429
59.035000000000004	17.685
60.035000000000004	2.404
61.035000000000004	33.225
62.035000000000004	31.661
63.035000000000004	25.058
64.036	20.797
65.036	27.898
66.035	25.202
67.035	25.698
68.035	29.213
69.035	22.171
70.035	28.922
71.035	20.133
72.035	26.491
73.036	22.635
74.036	27.57
75.036	25.22
76.035	24.339
77.035	20.069
78.035	24.498
79.036	24.687
80.035	21.848
81.036	17.034
82.035	17.549
83.036	16.165
84.036	16.839
85.036	22.178
86.035	24.611
87.036	19.247
88.035	20.996
89.035	23.927
90.035	22.746
91.035	19.993
92.035	15.949
93.035	14.716
94.036	16.505
95.035	17.258
96.036	19.549
97.035	15.168
98.036	14.92
99.035	13.952
100.035	14.769
101.035	17.037
102.036	16.149
103.035	15.636
104.035	15.89
105.036	13.784
106.035	13.512
107.035	17.157
108.035	20.015
109.035	15.901
110.036	16.283
111.036	15.62
112.035	16.499
113.035	15.809
114.035	12.487
115.035	21.034
116.035	8.05
117.035	31.673
118.035	16.187
119.036	17.708
120.035	19.261
121.036	18.368
122.035	16.692
123.036	13.202
124.035	13.967
125.035	20.315
126.035	16.876
127.035	15.394
128.035	11.377
129.035	10.708
130.035	14.105
131.035	20.419
132.035	21.4
133.035	21.201
134.035	19.168
135.035	17.927
136.035	10.309
137.035	3.073
138.035	3.619
139.036	3.421
140.035	4.507
141.035	3.558
142.035	4.966
143.036	4.814
144.035	6.086
145.036	9.693
146.035	12.11
147.035	12.811
148.035	13.63
149.035	12.448
150.035	11.211
151.035	11.398
152.035	9.371
153.035	10.557
154.035	3.386
155.035	22.35
156.035	12.249
157.035	17.041
158.035	20.935
159.035	13.716
160.036	17.737
161.035	15.352
162.037	12.469
163.035	16.666
164.035	13.443
165.035	13.503
166.036	15.166
167.035	17.639
168.035	18.357
169.035	15.787
170.035	16.181
171.036	16.24
172.036	20.861
173.035	20.02
174.036	18.67
175.036	18.629
176.035	16.828
177.035	20.149
178.035	20.381
179.035	15.83
180.035	15.237
181.035	20.948
182.035	17.55
183.035	11.527
184.036	2.952
185.035	31.613
186.035	13.835
187.035	23.455
188.035	17.534
189.035	17.545
190.035	25.924
191.035	21.363
192.036	22.512
193.036	17.551
194.035	16.376
195.035	23.024
196.035	14.515
197.035	16.499
198.035	14.029
199.035	22.709
200.036	21.33
201.035	20.662
202.035	18.03
203.035	18.164
204.036	24.074
205.035	20.229
206.036	18.361
207.036	19.487
208.035	19.465
209.035	16.896
210.035	13.913
211.035	15.129
212.035	15.028
213.036	15.232
214.035	24.237
215.035	19.34
216.035	25.074
217.035	17.076
218.035	26.179
219.035	17.307
220.035	11.169
221.036	22.398

