0.0	0.0
0.106	19.2
1.106	24.886
2.107	23.397
3.1060000000000003	35.689
4.106	28.066
5.106	28.342
6.106999999999999	30.468
7.105999999999999	23.428
8.105999999999998	27.543
9.105999999999998	20.88
10.105999999999998	23.598
11.106999999999998	22.22
12.106999999999998	18.534
13.105999999999998	18.311
14.105999999999998	19.939
15.105999999999998	10.536
16.107	5.332
17.105999999999998	11.722
18.105999999999998	13.9
19.105999999999998	9.004
20.105999999999998	9.91
21.105999999999998	6.34
22.105999999999998	3.07
23.107	2.793
24.107	3.486
25.105999999999998	5.171
26.107	2.925
27.105999999999998	6.308
28.105999999999998	2.846
29.105999999999998	3.415
30.107	3.249
31.105999999999998	4.432
32.105999999999995	1.585
33.105999999999995	1.26
34.10699999999999	2.569
35.105999999999995	2.383
36.105999999999995	1.391
37.105999999999995	0.107
38.105999999999995	0.0
39.105999999999995	0.0
40.105999999999995	0.0
41.10699999999999	0.0
42.105999999999995	0.0
43.105999999999995	0.0
44.10699999999999	0.0
45.105999999999995	0.0
46.10699999999999	0.0
47.105999999999995	0.0
48.105999999999995	2.372
49.105999999999995	14.828
50.105999999999995	29.666
51.105999999999995	4.956
52.105999999999995	47.123
53.105999999999995	39.904
54.105999999999995	29.172
55.105999999999995	17.933
56.10699999999999	36.449
57.10699999999999	34.284
58.105999999999995	50.983
59.105999999999995	53.557
60.10699999999999	51.525
61.10699999999999	52.334
62.10699999999999	57.331
63.105999999999995	28.298
64.106	20.779
65.106	30.243
66.10799999999999	40.985
67.106	38.718
68.107	26.509
69.107	39.637
70.106	24.726
71.106	29.898
72.106	27.094
73.106	11.97
74.106	25.624
75.107	32.757
76.106	39.824
77.106	34.294
78.106	9.303
79.107	25.722
80.107	64.748
81.106	28.567
82.107	8.984
83.107	14.162
84.106	12.541
85.106	6.869
86.106	9.047
87.106	24.361
88.106	9.932
89.106	0.0
90.106	25.704
91.106	13.969
92.106	16.693
93.106	15.194
94.106	12.552
95.106	6.114
96.106	4.766
97.106	5.715
98.106	3.343
99.106	4.27
100.106	4.41
101.106	4.029
102.107	4.112
103.106	2.803
104.106	2.747
105.107	3.238
106.106	3.731
107.106	4.496
108.106	6.34
109.106	5.338
110.106	3.986
111.107	8.83
112.106	16.149
113.106	20.095
114.106	10.681
115.106	3.116
116.106	37.566
117.106	11.705
118.106	10.126
119.106	12.072
120.106	15.879
121.106	20.889
122.107	12.025
123.106	8.821
124.106	7.71
125.106	16.295
126.106	14.338
127.107	13.882
128.106	10.234
129.106	13.253
130.106	12.638
131.106	9.285
132.106	9.446
133.106	11.722
134.106	9.581
135.106	15.368
136.106	19.047
137.106	5.888
138.106	8.314
139.106	10.6
140.107	12.597
141.106	13.296
142.106	12.957
143.106	15.663
144.106	16.704
145.106	17.597
146.107	7.344
147.106	28.945
148.106	33.441
149.106	22.031
150.106	17.303
151.106	17.55
152.106	19.734
153.106	12.423
154.106	19.661
155.107	17.518
156.107	20.817
157.106	17.458
158.107	9.462
159.107	21.708
160.107	16.235
161.106	15.723
162.106	18.278
163.106	24.037
164.106	26.474
165.106	26.933
166.107	23.554
167.106	25.428
168.106	12.518
169.107	34.368
170.106	39.398
171.106	40.793
172.106	34.323
173.107	18.645
174.107	9.378
175.106	44.367
176.106	29.3
177.106	36.324
178.107	24.297
179.106	34.524
180.106	33.333
181.106	33.075
182.106	39.813
183.106	40.463
184.106	39.761
185.107	36.815
186.106	38.271
187.107	48.531
188.107	37.473
189.106	28.823
190.107	60.943
191.106	59.755
192.106	39.292
193.106	38.188
194.106	5.875
195.107	25.289
196.106	70.904
197.107	35.657
198.107	27.455
199.106	27.795
200.107	30.345
201.107	25.077
202.106	25.281
203.106	24.814
204.106	17.721
205.107	24.824
206.107	7.764
207.107	38.094
208.106	22.531
209.107	21.499
210.107	17.66
211.107	26.825
212.106	30.093
213.107	27.485
214.106	29.254
215.106	25.462
216.106	29.298
217.106	26.025
218.107	17.398
219.106	23.649
220.106	24.244
221.106	21.886
222.106	20.815
223.106	19.519
224.106	20.392
225.106	20.37
226.106	23.185
227.106	18.85
228.106	16.451
229.106	22.776
230.106	18.655
231.107	20.647
232.106	20.802
233.106	17.119
234.106	22.827
235.107	18.098
236.106	20.187
237.106	17.211
238.106	1.072
239.107	15.792
240.106	30.04
241.107	0.82
242.106	33.225
243.107	18.189
244.106	13.239
245.107	16.418
246.106	12.121
247.106	12.841
248.107	11.647
249.106	10.988
250.106	10.449
251.106	7.099
252.107	8.808
253.106	8.131
254.106	8.972
255.106	7.063
256.106	5.413
257.106	5.138
258.10699999999997	9.251
259.106	10.595
260.106	10.648
261.106	11.088
262.106	13.996
263.27	13.004
264.222	9.441
265.178	13.391
266.15	14.41
267.126	15.475
268.106	11.225
269.106	8.81
270.106	5.963
271.106	3.396
272.106	2.501
273.106	4.669
274.106	1.358
275.106	2.458
276.106	29.849
277.106	25.167
278.10699999999997	27.331
279.106	36.293
280.106	36.392
281.106	28.03
282.10699999999997	34.78
283.106	2.296
284.106	20.166
285.106	16.885
286.106	33.927
287.10699999999997	29.804
288.106	32.022
289.106	28.327
290.106	56.446
291.108	37.896
292.106	28.894
293.106	26.199
294.10699999999997	15.22
295.106	25.029
296.106	22.534
297.106	31.616
298.106	31.096
299.106	15.663
300.106	13.631
301.106	62.062
302.106	34.804
303.106	16.512
304.106	32.041
305.10699999999997	28.084
306.106	27.104
307.10699999999997	25.487
308.106	30.617
309.10699999999997	15.491
310.106	30.542
311.106	36.378
312.106	30.112
313.106	20.285
314.10699999999997	19.632
315.106	25.399
316.106	14.91
317.106	17.446
318.106	19.735
319.106	28.05
320.10699999999997	26.276
321.106	28.034
322.106	18.504
323.106	21.621
324.106	22.71
325.106	53.109
326.106	35.29
327.106	41.987
328.10699999999997	31.405
329.106	30.071
330.106	35.746
331.10699999999997	38.766
332.106	37.16
333.106	21.635
334.10699999999997	40.601
335.10699999999997	44.691
336.106	61.227
337.106	56.687
338.10699999999997	39.782
339.10699999999997	32.448
340.106	26.777
341.10699999999997	60.451
342.106	50.909
343.106	42.962
344.10699999999997	33.672
345.106	27.857
346.10699999999997	42.31
347.106	42.903
348.10699999999997	40.338
349.10699999999997	31.032
350.106	32.538
351.106	60.407
352.106	61.365
353.106	51.836
354.106	34.339
355.106	22.899
356.106	20.594
357.10699999999997	40.535
358.106	21.635
359.106	29.54
360.10699999999997	24.045
361.10699999999997	47.839
362.106	62.521
363.106	61.931
364.106	58.005
365.10699999999997	25.885
366.106	44.843
367.106	66.747
368.10699999999997	63.436
369.106	61.865
370.106	16.613
371.106	15.564
372.106	12.504
373.10699999999997	36.376
374.106	53.51
375.106	15.646
376.106	29.802
377.106	64.831
378.106	61.587
379.106	64.323
380.106	30.345
381.10699999999997	47.036
382.106	63.766
383.106	63.045
384.106	61.997
385.106	37.093
386.106	32.964
387.10699999999997	55.876
388.106	59.129
389.106	46.235
390.106	25.1
391.106	42.359
392.10699999999997	36.732
393.10699999999997	48.07
394.10699999999997	28.913
395.106	23.061
396.10699999999997	38.508
397.106	59.038
398.10699999999997	58.975
399.106	62.589
400.10699999999997	26.831
401.106	45.187
402.106	59.441
403.106	57.556
404.106	63.078
405.106	33.882
406.106	27.656
407.106	59.572
408.106	55.221
409.106	2.361
410.106	0.0
411.10699999999997	0.0
412.106	0.0
413.106	42.218
414.106	62.734
415.106	37.175
416.106	54.411
417.106	54.722
418.106	60.801
419.106	59.424
420.106	39.026
421.106	24.878
422.10699999999997	56.999
423.10699999999997	61.288
424.106	60.604
425.106	33.815
426.10699999999997	9.994
427.10699999999997	25.83
428.106	58.146
429.106	59.572
430.106	43.188
431.106	42.401
432.106	60.145
433.106	57.18
434.106	54.615
435.106	33.882
436.106	23.642
437.106	59.84
438.10699999999997	46.02
439.106	36.598
440.106	31.56
441.106	29.048
442.106	32.003
443.106	13.832
444.10699999999997	13.288
445.106	18.009
446.106	18.084
447.106	14.353
448.106	10.815
449.106	3.382
450.10699999999997	2.951
451.10699999999997	22.721
452.106	19.196
453.10699999999997	20.759
454.106	16.685
455.106	17.359
456.106	17.01
457.106	33.654
458.106	34.09
459.10699999999997	40.545
460.106	18.843
461.10699999999997	47.233
462.106	33.11
463.106	32.093
464.106	24.048
465.106	21.319
466.10699999999997	28.491
467.10699999999997	31.241
468.10699999999997	30.498
469.10699999999997	26.871
470.106	20.351
471.106	21.54
472.106	11.727
473.106	6.19
474.106	16.165
475.106	15.028
476.10699999999997	17.966
477.10699999999997	18.375
478.106	12.538
479.106	9.458
480.10699999999997	16.953
481.106	14.218
482.106	9.349
483.106	9.446
484.106	26.62
485.10699999999997	24.855
486.106	18.267
487.10699999999997	14.247
488.106	9.436
489.106	15.168
490.10699999999997	8.279
491.106	14.18
492.106	13.326
493.10699999999997	3.418
494.10699999999997	4.792
495.106	15.011
496.106	18.044
497.106	24.444
498.106	20.381
499.106	8.842
500.106	6.184
501.106	6.356
502.10699999999997	9.026
503.10699999999997	2.957
504.106	3.307
505.10699999999997	8.098
506.10699999999997	21.126
507.106	7.597
508.106	26.414
509.106	14.214
510.106	17.72
511.10699999999997	8.204
512.106	6.966
513.106	11.409
514.106	18.842
515.107	18.51
516.106	19.629
517.106	17.175
518.106	7.84
519.107	5.332
520.106	0.667
521.107	5.678
522.106	9.135
523.107	16.839
524.106	13.369
525.106	16.631
526.106	19.217
527.106	26.517
528.106	23.561
529.107	23.819
530.107	23.921
531.107	32.634
532.107	43.955
533.106	49.519
534.106	28.215
535.106	16.493
536.107	14.27
537.106	11.698
538.106	29.151
539.106	12.277
540.106	9.576
541.106	10.874
542.106	5.215
543.106	21.902
544.106	10.083
545.106	15.117
546.106	35.962
547.106	24.799
548.107	23.023
549.107	16.359
550.106	9.586
551.106	17.113
552.107	23.548
553.106	28.113
554.106	23.832
555.106	30.919
556.107	20.187
557.106	28.86
558.107	30.575
559.107	20.28
560.106	25.234
561.106	32.048
562.106	41.235
563.107	35.614
564.106	39.646
565.106	33.851
566.107	44.169
567.106	32.325
568.106	59.555
569.106	56.292
570.106	54.262
571.106	38.211
572.106	21.479
573.106	55.246
574.106	61.849
575.106	55.001
576.106	47.742
577.106	26.188
578.107	51.314
579.107	52.597
580.106	16.456
581.106	21.835
582.107	34.982
583.106	57.139
584.107	56.286
585.106	56.795
586.107	46.773
587.106	21.495
588.106	50.511
589.106	62.521
590.106	36.781
591.107	26.684
592.106	19.955
593.106	31.44
594.106	20.273
595.106	31.604
596.106	22.126
597.106	20.135
598.107	28.17
599.107	42.889
600.106	14.342
601.106	18.731
602.106	26.01
603.106	21.061
604.107	17.617
605.106	14.726
606.107	22.798
607.106	11.394
608.107	15.814
609.106	17.542
610.107	12.936
611.107	16.525
612.106	21.4
613.106	21.886
614.106	22.097
615.106	24.402
616.106	19.567
617.106	24.142
618.107	20.207
619.106	22.765
620.106	20.216
621.107	13.215
622.107	11.291
623.106	13.744
624.106	7.23
625.106	18.915
626.106	22.975
627.106	25.11
628.106	26.172
629.107	20.476
630.107	22.34
631.107	29.368
632.106	20.889
633.107	34.685
634.106	35.192
635.106	32.302
636.106	35.733
637.106	32.718
638.106	51.625
639.106	47.312
640.106	38.258
641.106	12.64
642.106	29.245
643.106	38.922
644.107	60.386
645.106	56.795
646.107	58.123
647.106	42.784
648.107	26.699
649.106	47.546
650.106	60.899
651.106	59.441
652.106	54.05
653.106	42.097
654.107	27.716
655.106	49.577
656.106	58.753

