0.0	31.869
0.431	46.722
1.431	28.085
2.431	56.852
3.431	52.317
4.432	46.225
5.431	42.549
6.432	28.298
7.431	37.907
8.432	55.195
9.431000000000001	35.054
10.431000000000001	27.644
11.431000000000001	24.603
12.431000000000001	23.164
13.431000000000001	8.0
14.431000000000001	9.554
15.431000000000001	15.183
16.431	1.885
17.432000000000002	42.391
18.431	32.934
19.431	30.545
20.432000000000002	33.174
21.432000000000002	27.008
22.431	29.332
23.431	23.84
24.432000000000002	22.441
25.432000000000002	17.069
26.432000000000002	11.898
27.431	16.617
28.431	12.062
29.431	20.516
30.432000000000002	14.871
31.432000000000002	2.979
32.431000000000004	0.01
33.431000000000004	2.337
34.432	6.282
35.431000000000004	11.409
36.431000000000004	9.976
37.432	9.414
38.432	12.418
39.432	9.343
40.432	5.753
41.431000000000004	0.948
42.432	11.053
43.431000000000004	1.747
44.431000000000004	33.064
45.431000000000004	34.797
46.431000000000004	37.841
47.432	47.144
48.431000000000004	35.935
49.431000000000004	26.258
50.431000000000004	23.264
51.432	20.697
52.431000000000004	21.548
53.431000000000004	14.608
54.432	16.541
55.431000000000004	16.77
56.431000000000004	14.856
57.432	14.304
58.432	18.909
59.432	20.22
60.432	19.505
61.431000000000004	16.905
62.432	17.047
63.431000000000004	15.421
64.432	13.726
65.431	15.05
66.432	13.061
67.431	13.909
68.432	14.297
69.432	0.043
70.431	27.214
71.432	19.401
72.431	17.178
73.431	17.247
74.432	19.67
75.432	20.139
76.432	23.041
77.431	20.589
78.431	22.335
79.432	22.917
80.431	26.923
81.431	30.467
82.431	32.17
83.432	28.162
84.431	57.769
85.431	46.096
86.431	32.8
87.431	34.963
88.431	60.08
89.431	64.143
90.431	57.8
91.432	46.581
92.431	43.153
93.431	47.415
94.431	51.264
95.432	51.72
96.431	43.22
97.431	38.054
98.432	50.806
99.432	49.056
100.432	38.856
101.431	24.474
102.431	13.403
103.431	31.883
104.431	23.602
105.431	14.247
106.431	13.316
107.431	10.32
108.432	5.942
109.431	2.161
110.431	0.0
111.432	14.724
112.431	6.399
113.432	5.672
114.432	7.459
115.431	14.705
116.432	12.635
117.431	10.648
118.431	9.124
119.432	10.708
120.432	12.575
121.431	6.589
122.431	2.176
123.432	0.0
124.431	7.3
125.431	5.222
126.431	11.978
127.431	7.236
128.43099999999998	7.699
129.43099999999998	8.077
130.43099999999998	3.903
131.43099999999998	4.619
132.432	20.643
133.432	14.076
134.43099999999998	8.64
135.432	15.534
136.432	13.064
137.432	12.423
138.432	11.41
139.43099999999998	9.727
140.43099999999998	12.93
141.43099999999998	11.323
142.43099999999998	9.953
143.43099999999998	11.474
144.43099999999998	11.463
145.43099999999998	12.272
146.43099999999998	8.316
147.432	6.789
148.43099999999998	19.163
149.43099999999998	9.781
150.43099999999998	14.04
151.43099999999998	13.873
152.43099999999998	10.719
153.43099999999998	10.622
154.43099999999998	0.0
155.43099999999998	22.052
156.432	13.936
157.43099999999998	5.429
158.432	0.0
159.43099999999998	13.515
160.43099999999998	17.994
161.43099999999998	5.397
162.432	0.0
163.432	21.832
164.432	9.65
165.43099999999998	10.988
166.43099999999998	8.65
167.432	9.565
168.432	10.234
169.432	10.589
170.432	11.557
171.43099999999998	11.812
172.432	11.071
173.432	9.632
174.43099999999998	9.187
175.43099999999998	10.59
176.432	10.308
177.43099999999998	11.15
178.432	10.212
179.432	8.668
180.43099999999998	2.318
181.43099999999998	0.0
182.43099999999998	0.647
183.43099999999998	0.0
184.43099999999998	29.303
185.432	7.944
186.43099999999998	7.595
187.432	8.325
188.432	9.612
189.43099999999998	12.543
190.43099999999998	16.433
191.432	8.902
192.43099999999998	23.455
193.432	20.974
194.43099999999998	18.224
195.43099999999998	12.342
196.43099999999998	17.604
197.432	26.286
198.432	28.1
199.43099999999998	29.421
200.43099999999998	26.873
201.43099999999998	30.996
202.43099999999998	19.767
203.43099999999998	15.798
204.43099999999998	24.684
205.43099999999998	28.341
206.43099999999998	31.768
207.43099999999998	35.02
208.43099999999998	38.097
209.43099999999998	38.809
210.43099999999998	36.776
211.43099999999998	30.83
212.43099999999998	27.659
213.43099999999998	24.774
214.43099999999998	30.537
215.432	25.097
216.43099999999998	35.597
217.43099999999998	29.67
218.43099999999998	38.936
219.43099999999998	49.511
220.43099999999998	35.539
221.432	39.842
222.43099999999998	35.902
223.43099999999998	36.923
224.43099999999998	42.251
225.43099999999998	45.824
226.432	36.539
227.43099999999998	29.081
228.43099999999998	48.382
229.432	62.431
230.432	33.213
231.43099999999998	30.93
232.43099999999998	25.136
233.43099999999998	29.487
234.432	27.99
235.43099999999998	25.436
236.43099999999998	23.289
237.432	21.562
238.432	25.572
239.43099999999998	26.35
240.43099999999998	22.322
241.43099999999998	24.011
242.43099999999998	20.15
243.432	20.715
244.43099999999998	20.199
245.432	8.543
246.433	7.844
247.44199999999998	26.49
248.432	27.825
249.43099999999998	22.905
250.43099999999998	20.078
251.43099999999998	16.763
252.43099999999998	21.023
253.43099999999998	11.231
254.432	30.338
255.43099999999998	16.294
256.431	18.264
257.431	20.105
258.43199999999996	20.801
259.431	18.896
260.43199999999996	24.309
261.431	17.581
262.43199999999996	23.543
263.431	16.456
264.43199999999996	13.26
265.431	12.812
266.431	13.478
267.431	18.216
268.431	14.408
269.43199999999996	17.455
270.431	20.894
271.431	18.793
272.431	19.453
273.431	23.516
274.43199999999996	21.161
275.431	23.541
276.431	20.258
277.431	18.343
278.431	21.151
279.44	1.905
280.431	27.114
281.43199999999996	30.529
282.43199999999996	19.421
283.43199999999996	20.38
284.431	20.424
285.431	16.035
286.431	16.685
287.438	15.649
288.432	12.845
289.44	11.759
290.438	11.97
291.438	9.521
292.432	15.278
293.43100000000004	10.255
294.43100000000004	4.044
295.43100000000004	3.167
296.43100000000004	19.328
297.43100000000004	10.73
298.43100000000004	10.794
299.432	12.37
300.43100000000004	7.473
301.43100000000004	1.799
302.432	0.528
303.43100000000004	0.0
304.43100000000004	12.697
305.43100000000004	21.639
306.432	15.717
307.43100000000004	13.375
308.432	10.061
309.432	8.258
310.43100000000004	2.243
311.43100000000004	0.0
312.43100000000004	23.336
313.43100000000004	9.395
314.43300000000005	10.89
315.44100000000003	9.097
316.44500000000005	0.0
317.43800000000005	10.479
318.43100000000004	2.696
319.43100000000004	13.771
320.43100000000004	1.249
321.432	14.159
322.432	7.944
323.43100000000004	2.771
324.43100000000004	0.0
325.432	5.769
326.432	10.427
327.43100000000004	5.033
328.45300000000003	0.767
329.45000000000005	10.542
330.43100000000004	3.494
331.43100000000004	5.888
332.43100000000004	5.509
333.44100000000003	8.763
334.43100000000004	19.489
335.432	7.075
336.43100000000004	8.173
337.43100000000004	12.811
338.43100000000004	13.203
339.432	10.044
340.432	8.939
341.432	10.676
342.43100000000004	9.264
343.432	8.689
344.43100000000004	6.864
345.43100000000004	6.604
346.43100000000004	2.316
347.432	0.0
348.43100000000004	22.179
349.432	8.179
350.437	3.854
351.433	5.274
352.441	0.312
353.441	11.692
354.438	1.258
355.432	13.275
356.434	9.731
357.43300000000005	11.529
358.43100000000004	12.618
359.43600000000004	10.332
360.463	11.583
361.47400000000005	9.567
362.48	7.126
363.48400000000004	4.924
364.487	4.359
365.48400000000004	12.626
366.485	14.005
367.50600000000003	13.879
368.511	15.163
369.512	23.006
370.502	29.951
371.521	28.494
372.524	19.924
373.537	23.476
374.59	24.009
375.59099999999995	34.304
376.59299999999996	11.283
377.59499999999997	28.957
378.602	28.468
379.60299999999995	21.24
380.60799999999995	28.186
381.60999999999996	27.516
382.59999999999997	17.371
383.60099999999994	18.112
384.59599999999995	36.331
385.59399999999994	33.511
386.6259999999999	22.653
387.6289999999999	24.189
388.62299999999993	25.448
389.67999999999995	25.391
390.68699999999995	24.698
391.681	25.416
392.68	26.439
393.705	24.674
394.734	23.682
395.733	30.418
396.736	33.233
397.734	31.635
398.741	31.027
399.756	16.252
400.75	30.93
401.759	34.758
402.767	29.117
403.769	32.948
404.777	33.456
405.781	29.865
406.78000000000003	31.237
407.79100000000005	30.67
408.797	28.291
409.79400000000004	26.836
410.78900000000004	28.353
411.79300000000006	27.549
412.80300000000005	23.952
413.8070000000001	17.971
414.81300000000005	18.872
415.821	15.853
416.827	17.374
417.83	20.998
418.834	20.083
419.829	23.272
420.81600000000003	21.812
421.82000000000005	21.964
422.82300000000004	17.582
423.833	17.197
424.848	20.809
425.857	13.44
426.87	26.926
427.872	35.663
428.879	25.948
429.91700000000003	27.742
430.91900000000004	25.179
431.93100000000004	20.324
432.946	21.393
433.95000000000005	23.384
434.97400000000005	21.403
435.975	19.608
436.982	22.713
437.98900000000003	19.013
438.98300000000006	4.25
439.98900000000003	21.022
440.997	26.081
442.007	15.42
443.017	19.905
444.019	21.828
445.034	20.752
446.032	22.316
447.04699999999997	24.766
448.068	23.629
449.068	24.832
450.082	23.039
451.086	22.956
452.116	23.703
453.131	23.193
454.13199999999995	25.067
455.14799999999997	25.972
456.15999999999997	26.069
457.17699999999996	27.158
458.18199999999996	26.233
459.21399999999994	26.754
460.23999999999995	26.93
461.24899999999997	26.883
462.253	27.258
463.262	26.314
464.28	24.387
465.328	24.8
466.34799999999996	29.303
467.359	33.37
468.394	26.693
469.408	27.479
470.41	26.96
471.42	27.562
472.423	29.186
473.44	26.38
474.431	27.74
475.42199999999997	26.43
476.419	25.849
477.421	29.536
478.449	26.665
479.456	29.891
480.45500000000004	29.954
481.463	32.68
482.482	32.767
483.487	32.833
484.49	34.549
485.50100000000003	33.807
486.50500000000005	33.695
487.50000000000006	33.746
488.50900000000007	30.668
489.5080000000001	36.623
490.50900000000007	15.511
491.5130000000001	42.914
492.5180000000001	28.597
493.5280000000001	28.614
494.5280000000001	42.594
495.5330000000001	28.89
496.5540000000001	28.1
497.5660000000001	28.529
498.5760000000001	27.544
499.58400000000006	22.251
500.5830000000001	33.511
501.5950000000001	38.45
502.6000000000001	33.815
503.6050000000001	33.568
504.61500000000007	33.788
505.6290000000001	33.711
506.6280000000001	33.66
507.6380000000001	33.714
508.6430000000001	30.621
509.6930000000001	28.371
510.6980000000001	25.026
511.7010000000001	25.588
512.7420000000001	26.001
513.754	28.946
514.76	28.709
515.77	26.521
516.778	25.955
517.782	23.034
518.797	21.895
519.8100000000001	23.146
520.8090000000001	20.645
521.82	19.214
522.8530000000001	19.161
523.868	14.187
524.875	15.0
525.919	5.411
526.928	21.078
527.954	4.569
528.963	20.552
529.961	10.889
530.98	6.511
531.987	0.0
532.992	11.383
534.0	25.721
535.013	22.656
536.022	21.226
537.047	20.982
538.049	20.145
539.043	23.321
540.079	21.873
541.0949999999999	23.623
542.0999999999999	22.228
543.1179999999999	24.276
544.136	23.862
545.155	29.909
546.179	34.35
547.193	27.508
548.206	28.691
549.218	27.135
550.233	30.394
551.2399999999999	21.488
552.2529999999999	29.703
553.2539999999999	28.645
554.2609999999999	27.943
555.2829999999999	27.293
556.2909999999999	25.178
557.3029999999999	16.736
558.3089999999999	18.992
559.3119999999999	26.675
560.3089999999999	13.571
561.3089999999999	4.598
562.3279999999999	0.117
563.3359999999999	22.728
564.3509999999999	17.647
565.3569999999999	40.731
566.3809999999999	34.028
567.4149999999998	39.572
568.4269999999998	42.781
569.4359999999998	33.873
570.4589999999998	45.689
571.5519999999998	53.84
572.5689999999998	43.024
573.5719999999999	28.341
574.5789999999998	22.227
575.5839999999998	20.738
576.5969999999999	17.345
577.6109999999999	13.956
578.6279999999999	17.929
579.6339999999999	20.984
580.6459999999998	20.588
581.6589999999999	23.323
582.6849999999998	21.862
583.6879999999999	26.536
584.6929999999999	28.391
585.6989999999998	25.026
586.7169999999999	22.736
587.7369999999999	23.232
588.7539999999999	17.959
589.7729999999999	7.896
590.7799999999999	19.396
591.7919999999998	29.512
592.8079999999998	26.059
593.8259999999998	18.312
594.8299999999998	26.263
595.8269999999998	22.446
596.8329999999997	25.493
597.8439999999997	29.65
598.8579999999997	21.118
599.8659999999998	27.408
600.8809999999997	19.721
602.0839999999997	24.887
603.1029999999997	22.88
604.1189999999997	20.705
605.1309999999996	27.42
606.1469999999996	23.428
607.1819999999996	21.102
608.2009999999996	19.814
609.2159999999996	17.829
610.2399999999996	14.233
611.2499999999995	20.426
612.2519999999995	10.064
613.2409999999995	11.301
614.2419999999995	11.458
615.2489999999995	10.719
616.2529999999995	0.0
617.2479999999995	22.296
618.2469999999995	3.251
619.2469999999995	22.377
620.2459999999995	10.448
621.2409999999995	9.656
622.2499999999995	3.028
623.2629999999996	9.086
624.2569999999996	10.594
625.2529999999996	13.675
626.2449999999995	8.631
627.2619999999996	9.329
628.2699999999996	8.044
629.2659999999996	5.977
630.2599999999996	12.384
631.2609999999996	15.143
632.2589999999997	11.952
633.2829999999997	9.507
634.2969999999997	12.774
635.3099999999997	14.435
636.3259999999997	14.717
637.3239999999997	10.621
638.3419999999998	11.47
639.3529999999997	16.667
640.3629999999997	11.119
641.3929999999997	4.635
642.4049999999996	10.788
643.4169999999996	17.472
644.4279999999995	13.606
645.4499999999996	9.82
646.4689999999996	8.917
647.5029999999996	9.184
648.5139999999996	8.064
649.5249999999995	6.848
650.5359999999995	3.569
651.5509999999995	0.0
652.5649999999995	0.449
653.5719999999994	0.0
654.5799999999995	16.758
655.6069999999995	5.968
656.6169999999995	5.84
657.6269999999995	11.255
658.6339999999994	14.179
659.6439999999994	11.825
660.6849999999995	10.682
661.7069999999995	13.754
662.7329999999995	12.534
663.7399999999994	12.332
664.7549999999994	13.415
665.7929999999994	16.541
666.7979999999994	14.138
667.8119999999994	21.563
668.8579999999995	22.801
669.8839999999994	25.558
670.9329999999994	20.238
671.9469999999994	6.107
672.9639999999995	26.048
673.9789999999995	4.799
675.0039999999995	34.408
676.0169999999995	22.441
677.0399999999995	20.705
678.0479999999995	20.461
679.0639999999995	20.607
680.0819999999995	21.802
681.1009999999995	24.588
682.1229999999996	19.103
683.1459999999996	17.951
684.1879999999996	18.23
685.2139999999996	15.486
686.2779999999996	31.289
687.2839999999995	21.031
688.3159999999996	22.559
689.3209999999996	18.904
690.3169999999996	20.836
691.3199999999996	15.448
692.3399999999996	18.51
693.3509999999995	12.297
694.3659999999995	11.303
695.3839999999996	14.287
696.4089999999995	16.075
697.4279999999995	20.212
698.4299999999995	19.118
699.4669999999995	19.39
700.4849999999996	18.733
701.4929999999996	19.22
702.5039999999996	17.757
703.5129999999996	17.334
704.5409999999996	19.097
705.5599999999996	17.476
706.5629999999996	18.051
707.5949999999997	15.338
708.6059999999997	19.722
709.6169999999996	19.754
710.6279999999996	21.137
711.6429999999996	5.12
712.6729999999995	17.172
713.6909999999996	33.416
714.7069999999995	18.887
715.7209999999995	19.265
716.7419999999995	17.764
717.7569999999995	16.611
718.7729999999995	15.649
719.7929999999994	15.961
720.8049999999994	15.964
721.8229999999994	0.0
722.8429999999994	33.608
723.9049999999994	7.815
724.9139999999994	7.814
725.9159999999994	21.829
726.9449999999994	20.501
727.9849999999993	11.239
728.9999999999993	12.775
730.0129999999994	13.639
731.0359999999994	19.822
732.0409999999994	23.395
733.0539999999994	25.689
734.0769999999994	25.767
735.1019999999994	25.404
736.1679999999994	27.326
737.1869999999994	25.591
738.1989999999994	22.189
739.2469999999994	20.412
740.2779999999993	21.033
741.3169999999993	15.889
742.3349999999994	8.74
743.3549999999993	3.392
744.3669999999993	0.048
745.3809999999993	12.274
746.3969999999993	18.012
747.4099999999993	6.747
748.4279999999993	1.898
749.4449999999994	0.117
750.4549999999994	10.146
751.4869999999994	5.836
752.4939999999993	15.573
753.5139999999993	10.366
754.5339999999993	11.191
755.5529999999993	12.694
756.5689999999993	12.998
757.5989999999993	14.231
758.5999999999992	23.242
759.6079999999993	21.963
760.6059999999993	22.993
761.6429999999993	20.425

