0.0	13.199
0.404	64.941
1.404	62.784
2.404	58.204
3.404	56.472
4.404	55.095
5.404	47.212
6.404	44.59
7.404999999999999	33.822
8.404	61.427
9.405	52.369
10.404	37.259
11.405	27.461
12.404	25.24
13.404	53.612
14.404	39.695
15.404	38.435
16.404	39.986
17.404	23.101
18.404	51.88
19.405	40.333
20.404	39.352
21.404	36.919
22.405	32.929
23.405	20.008
24.404	58.503
25.405	36.34
26.404	39.491
27.404	31.065
28.404	31.096
29.404	48.045
30.404	34.982
31.404	35.767
32.403999999999996	31.2
33.403999999999996	27.784
34.403999999999996	39.254
35.403999999999996	28.663
36.403999999999996	29.546
37.404999999999994	21.845
38.403999999999996	36.807
39.404999999999994	57.595
40.404999999999994	46.316
41.403999999999996	39.608
42.404999999999994	48.682
43.403999999999996	56.941
44.403999999999996	57.198
45.403999999999996	50.296
46.403999999999996	34.104
47.403999999999996	46.769
48.403999999999996	30.572
49.403999999999996	33.553
50.404999999999994	64.191
51.403999999999996	62.75
52.403999999999996	60.592
53.404999999999994	34.209
54.404999999999994	35.26
55.403999999999996	57.032
56.403999999999996	62.832
57.403999999999996	59.66
58.404999999999994	27.519
59.403999999999996	33.389
60.404999999999994	56.909
61.403999999999996	65.634
62.404999999999994	58.851
63.404999999999994	30.143
64.404	30.885
65.405	63.223
66.404	56.992
67.405	59.927
68.404	36.962
69.404	36.241
70.404	59.283
71.405	62.141
72.404	61.967
73.405	30.98
74.404	32.636
75.404	52.396
76.404	66.191
77.404	63.045
78.404	36.336
79.405	32.636
80.404	54.558
81.404	61.095
82.404	60.899
83.404	48.89
84.405	7.445
85.404	27.072
86.405	59.244
87.405	64.617
88.404	45.252
89.404	41.32
90.404	53.346
91.404	64.454
92.404	61.689
93.405	47.479
94.404	30.654
95.404	37.715
96.404	57.409
97.404	60.915
98.404	49.233
99.404	22.751
100.405	54.755
101.405	55.771
102.405	57.155
103.404	49.512
104.404	38.567
105.404	36.061
106.404	58.212
107.404	57.704
108.404	40.722
109.405	26.601
110.404	49.43
111.404	59.129
112.404	56.697
113.405	45.219
114.405	29.947
115.404	55.748
116.405	57.073
117.404	58.556
118.404	51.197
119.405	33.39
120.405	31.373
121.404	60.609
122.405	57.491
123.405	52.022
124.404	38.125
125.404	43.548
126.404	59.572
127.404	58.572
128.404	31.069
129.405	35.736
130.404	49.102
131.404	60.473
132.404	65.142
133.404	52.542
134.404	45.092
135.405	32.407
136.404	56.131
137.404	59.621
138.404	53.305
139.405	38.913
140.404	33.972
141.404	31.154
142.404	27.697
143.405	35.514
144.404	39.862
145.404	53.592
146.404	61.587
147.404	62.226
148.404	53.248
149.404	36.532
150.405	31.424
151.405	61.046
152.405	67.403
153.405	60.96
154.404	27.754
155.404	37.105
156.405	60.686
157.405	62.226
158.405	60.55
159.404	38.987
160.405	37.425
161.404	59.932
162.404	60.604
163.404	58.432
164.405	29.717
165.404	45.973
166.404	63.275
167.404	50.937
168.404	63.291
169.404	39.315
170.405	36.474
171.404	14.352
172.404	59.801
173.404	63.26
174.405	29.422
175.404	47.923
176.404	62.193
177.404	58.399
178.405	58.916
179.405	42.608
180.404	38.42
181.404	52.592
182.404	46.025
183.405	62.419
184.404	55.073
185.405	26.184
186.404	24.788
187.404	51.216
188.404	61.865
189.404	51.132
190.404	41.12
191.404	26.872
192.404	14.628
193.404	26.255
194.404	50.89
195.404	53.396
196.405	44.709
197.404	46.039
198.404	40.73
199.404	55.721
200.404	57.548
201.405	56.072
202.404	43.663
203.404	32.489
204.404	47.808
205.404	47.513
206.404	49.02
207.404	32.997
208.405	55.498
209.404	59.162
210.404	59.539
211.404	32.342
212.404	22.554
213.405	57.417
214.404	55.853
215.404	61.818
216.405	27.279
217.404	44.781
218.405	38.942
219.405	31.855
220.404	20.764
221.404	25.533
222.405	35.355
223.404	47.673
224.405	43.772
225.404	47.238
226.405	32.902
227.404	48.398
228.404	57.037
229.404	47.341
230.405	47.062
231.405	25.945
232.404	45.907
233.404	58.89
234.405	21.45
235.404	53.357
236.404	26.311
237.404	29.589
238.404	57.221
239.405	60.484
240.404	63.833
241.405	40.082
242.404	32.161
243.404	59.987
244.405	48.338
245.405	57.691
246.404	37.467
247.404	29.556
248.404	60.2
249.405	53.612
250.404	35.521
251.405	27.683
252.405	27.642
253.404	22.096
254.404	28.847
255.404	23.245
256.404	27.294
257.405	27.78
258.404	30.416
259.404	26.841
260.404	22.193
261.404	23.109
262.404	44.954
263.404	31.342
264.404	27.962
265.404	21.118
266.404	23.264
267.404	48.415
268.405	59.172
269.404	50.554
270.405	33.834
271.405	25.561
272.405	3.116
273.404	27.295
274.404	50.387
275.404	13.897
276.405	34.298
277.404	27.851
278.405	21.211
279.405	19.481
280.405	13.92
281.404	19.516
282.405	14.172
283.404	22.732
284.404	23.27
285.405	31.398
286.404	26.406
287.404	32.434
288.404	34.274
289.405	28.477
290.404	19.61
291.404	21.207
292.404	17.636
293.404	35.274
294.404	33.526
295.405	34.985
296.404	34.895
297.404	35.389
298.404	39.806
299.405	36.928
300.404	37.815
301.404	24.605
302.404	30.174
303.405	33.758
304.404	26.773
305.405	30.137
306.404	28.977
307.404	36.575
308.404	30.402
309.404	25.973
310.405	24.612
311.404	23.571
312.404	17.45
313.404	39.943
314.405	38.837
315.404	41.156
316.404	44.429
317.405	30.244
318.405	62.846
319.404	59.064
320.404	65.372
321.405	47.938
322.404	55.771
323.404	29.13
324.404	46.219
325.404	59.703
326.404	62.734
327.404	57.294
328.404	53.129
329.405	34.834
330.404	31.195
331.404	62.242
332.404	42.497
333.404	36.892
334.404	25.904
335.405	43.745
336.405	27.905
337.405	26.344
338.404	20.296
339.404	34.963
340.404	52.363
341.404	55.564
342.405	54.737
343.404	48.083
344.405	33.4
345.404	25.157
346.405	38.692
347.405	20.016
348.404	33.738
349.404	29.215
350.404	38.624
351.404	26.542
352.404	27.931
353.404	31.65
354.404	28.96
355.404	21.657
356.404	15.809
357.405	19.763
358.405	18.19
359.405	23.136
360.404	35.107
361.405	31.981
362.404	28.747
363.404	22.142
364.404	18.68
365.405	14.236
366.404	28.254
367.404	28.453
368.404	27.353
369.404	20.663
370.405	21.661
371.404	20.396
372.404	13.145
373.404	45.042
374.404	28.773
375.404	29.594
376.404	24.288
377.404	24.573
378.404	15.462
379.405	20.436
380.404	31.821
381.404	30.222
382.404	31.797
383.404	30.771
384.404	27.848
385.404	32.525
386.404	24.841
387.404	26.05
388.404	29.883
389.404	26.546
390.404	33.1
391.404	34.212
392.404	34.655
393.405	35.625
394.405	24.18
395.404	37.596
396.405	31.917
397.404	31.861
398.404	32.064
399.404	29.384
400.404	32.866
401.404	30.193
402.404	31.226
403.404	31.64
404.404	30.12
405.404	32.405
406.405	29.081
407.404	27.779
408.404	27.079
409.404	27.33
410.404	26.372
411.404	26.302
412.404	27.169
413.404	24.486
414.404	22.106
415.405	24.418
416.404	24.123
417.404	23.923

