0.0	0.0
0.11	33.766
1.109	38.945
2.109	47.428
3.109	41.707
4.109	52.822
5.109	51.69
6.109	45.709
7.109	34.277
8.109	64.195
9.109	51.068
10.109	42.162
11.109	47.393
12.109	24.663
13.109	18.413
14.11	26.798
15.109	52.592
16.109	41.059
17.110000000000003	29.698
18.109	35.024
19.110000000000003	19.658
20.109	28.082
21.109	50.037
22.109	18.86
23.110000000000003	27.939
24.109	14.611
25.110000000000003	47.669
26.109	24.562
27.110000000000003	23.039
28.109	31.72
29.110000000000003	34.697
30.109	41.637
31.109	41.594
32.109	32.769
33.109	34.15
34.109	23.427
35.109	13.35
36.109	15.475
37.109	0.736
38.11	25.963
39.11	14.968
40.11	14.623
41.11	12.239
42.11	15.383
43.109	16.811
44.109	10.409
45.11	10.398
46.11	8.435
47.109	2.748
48.109	22.049
49.11	15.415
50.109	16.677
51.109	17.303
52.11	14.756
53.11	13.482
54.109	3.849
55.109	2.447
56.109	0.0
57.109	28.995
58.109	57.188
59.11	52.579
60.109	34.977
61.11	56.351
62.109	57.974
63.11	59.31
64.11	58.106
65.109	33.718
66.109	31.85
67.109	52.985
68.109	56.508
69.109	59.08
70.109	35.569
71.109	32.44
72.11	78.331
73.11	71.499
74.109	48.028
75.109	38.774
76.11	27.191
77.109	45.207
78.11	56.59
79.11	54.116
80.11	32.555
81.11	6.691
82.109	40.501
83.109	60.314
84.11	56.778
85.109	40.869
86.11	31.685
87.109	42.768
88.11	51.415
89.109	53.755
90.109	43.406
91.11	36.343
92.109	11.666
93.109	27.736
94.109	39.54
95.109	28.285
96.109	46.792
97.109	32.285
98.11	28.67
99.109	42.697
100.109	29.922
101.109	30.717
102.109	30.044
103.109	23.213
104.11	24.822
105.109	19.318
106.109	34.295
107.11	27.926
108.109	20.458
109.11	26.587
110.109	29.282
111.109	33.547
112.109	36.015
113.109	30.725
114.11	35.266
115.109	41.724
116.11	33.139
117.11	36.514
118.11	31.402
119.109	36.747
120.109	30.744
121.109	36.109
122.109	29.974
123.109	32.139
124.11	26.01
125.109	32.612
126.109	36.039
127.109	29.871
128.10899999999998	37.398
129.10899999999998	22.623
130.10999999999999	37.286
131.10999999999999	33.296
132.10899999999998	28.254
133.10899999999998	17.362
134.10899999999998	19.508
135.10899999999998	16.995
136.10899999999998	15.076
137.10899999999998	13.897
138.10999999999999	12.797
139.10899999999998	33.268
140.10999999999999	28.492
141.10899999999998	24.769
142.10899999999998	31.101
143.10899999999998	28.707
144.10999999999999	27.885
145.10899999999998	25.919
146.10899999999998	32.757
147.10899999999998	35.093
148.10899999999998	43.245
149.10899999999998	23.148
150.10899999999998	23.062
151.10899999999998	30.836
152.10999999999999	37.334
153.10899999999998	38.499
154.10899999999998	39.231
155.10899999999998	45.184
156.10899999999998	25.952
157.10899999999998	52.002
158.10899999999998	56.754
159.10899999999998	54.493
160.10899999999998	50.577
161.10899999999998	34.077
162.10999999999999	39.426
163.10899999999998	58.359
164.10899999999998	55.38
165.10899999999998	45.531
166.10999999999999	29.033
167.10899999999998	44.662
168.10899999999998	58.913
169.10899999999998	23.636
170.10999999999999	51.792
171.10899999999998	27.0
172.10899999999998	6.93
173.10899999999998	45.826
174.10899999999998	56.655
175.10899999999998	51.871
176.10899999999998	33.636
177.10899999999998	47.908
178.10999999999999	58.303
179.10899999999998	45.712
180.10899999999998	50.672
181.10999999999999	34.014
182.10899999999998	33.587
183.10899999999998	55.836
184.10899999999998	55.705
185.10899999999998	58.474
186.10899999999998	30.5
187.10999999999999	33.407
188.10899999999998	55.797
189.10999999999999	59.992
190.10899999999998	38.206
191.10899999999998	18.046
192.10899999999998	37.121
193.10899999999998	30.839
194.10899999999998	30.252
195.10999999999999	29.433
196.10899999999998	24.591
197.10999999999999	25.494
198.10999999999999	20.758
199.10899999999998	19.402
200.10999999999999	17.59
201.10899999999998	21.098
202.10899999999998	0.032
203.10899999999998	35.544
204.10899999999998	19.222
205.10899999999998	32.979
206.10899999999998	32.95
207.10899999999998	44.344
208.10899999999998	47.303
209.10999999999999	47.233
210.10999999999999	41.702
211.10999999999999	42.43
212.10899999999998	28.95
213.10899999999998	57.147
214.10899999999998	62.589
215.10999999999999	49.627
216.10999999999999	38.081
217.10899999999998	38.879
218.10899999999998	45.826
219.10899999999998	56.459
220.10899999999998	54.362
221.10899999999998	45.256
222.10999999999999	35.749
223.10999999999999	41.001
224.10899999999998	53.985
225.10899999999998	56.393
226.10899999999998	47.153
227.10899999999998	33.161
228.10899999999998	41.148
229.10999999999999	55.646
230.10899999999998	52.396
231.10899999999998	46.546
232.10899999999998	42.762
233.10899999999998	40.14
234.10899999999998	54.034
235.10899999999998	45.678
236.10899999999998	52.654
237.10999999999999	28.175
238.10899999999998	35.143
239.10899999999998	53.477
240.10899999999998	54.509
241.10899999999998	53.182
242.10899999999998	29.523
243.10899999999998	35.566
244.10999999999999	53.821
245.10999999999999	52.186
246.10899999999998	52.343
247.10999999999999	30.717
248.10899999999998	38.24
249.10899999999998	56.328
250.10899999999998	56.131
251.10899999999998	35.212
252.10899999999998	13.403
253.10899999999998	10.485
254.10899999999998	55.001
255.10899999999998	55.902
256.109	52.556
257.10999999999996	33.735
258.109	42.467
259.109	54.624
260.109	58.474
261.109	55.23
262.109	37.322
263.109	25.46
264.109	53.772
265.109	54.198
266.109	53.379
267.109	32.064
268.10999999999996	36.749
269.10999999999996	56.745
270.109	59.643
271.10999999999996	56.581
272.109	45.76
273.109	32.882
274.109	37.257
275.109	54.82
276.109	55.476
277.109	41.844
278.109	29.789
279.10999999999996	45.121
280.10999999999996	58.687
281.10999999999996	55.64
282.10999999999996	44.335
283.10999999999996	35.258
284.10999999999996	44.248
285.109	54.788
286.109	52.953
287.109	51.754
288.10999999999996	30.932
289.10999999999996	39.426
290.109	51.068
291.109	53.968
292.109	53.264
293.109	33.095
294.10999999999996	34.178
295.109	53.902
296.10999999999996	29.398
297.109	25.24
298.109	30.641
299.10999999999996	57.237
300.109	52.502
301.109	55.518
302.10999999999996	47.503
303.10999999999996	26.503
304.109	9.231
305.10999999999996	55.794
306.109	44.395
307.10999999999996	9.582
308.109	38.917
309.109	48.601
310.109	47.732
311.109	51.42
312.109	41.45
313.10999999999996	27.142
314.109	44.924
315.109	58.408
316.109	43.596
317.109	47.06
318.10999999999996	21.812
319.109	45.875
320.109	58.228
321.109	56.426
322.109	53.947
323.10999999999996	33.161
324.109	28.311
325.109	45.469
326.10999999999996	34.947
327.10999999999996	40.164
328.109	35.487
329.109	43.581
330.109	53.248
331.109	43.782
332.109	35.495
333.109	31.0
334.109	39.4
335.10999999999996	30.983
336.10999999999996	28.761
337.109	30.499
338.10999999999996	22.77
339.109	28.986
340.10999999999996	26.091
341.109	24.664
342.109	37.641
343.10999999999996	27.46
344.10999999999996	43.493
345.11199999999997	41.521
346.109	42.618
347.109	42.166
348.10999999999996	6.658
349.109	26.214
350.109	49.004
351.10999999999996	56.827
352.109	53.867
353.10999999999996	30.111
354.109	40.501
355.109	34.859
356.10999999999996	40.513
357.109	35.744
358.109	34.411
359.109	36.765
360.109	44.28
361.10999999999996	35.954
362.109	34.457
363.10999999999996	30.193
364.109	27.816
365.10999999999996	26.554
366.109	24.849
367.109	31.492
368.109	29.399
369.10999999999996	33.56
370.109	23.578
371.109	28.754
372.109	41.762
373.10999999999996	29.321
374.109	45.261
375.10999999999996	38.349
376.109	38.947
377.109	39.759
378.10999999999996	36.528
379.10999999999996	34.539
380.109	53.018
381.109	52.133
382.10999999999996	47.893
383.109	27.982
384.109	34.406
385.109	44.367
386.109	55.672
387.109	53.968
388.109	29.753
389.10999999999996	37.064
390.109	40.198
391.10999999999996	47.535
392.109	46.224
393.109	37.421
394.109	31.752
395.109	55.568
396.10999999999996	52.396
397.10999999999996	54.99
398.109	40.288
399.109	30.703
400.109	57.049
401.109	13.641
402.109	19.295
403.109	29.05
404.109	25.374
405.10999999999996	46.693
406.109	39.262
407.10999999999996	32.168
408.109	22.471
409.109	38.141
410.109	56.066
411.109	47.571
412.109	45.688
413.10999999999996	43.014
414.10999999999996	34.996
415.10999999999996	40.935
416.109	51.482
417.109	27.628
418.109	20.11
419.10999999999996	11.483
420.109	39.528
421.109	41.514
422.109	50.736
423.10999999999996	40.743
424.109	38.289
425.109	46.792
426.109	53.182
427.109	56.402
428.10999999999996	49.004
429.109	26.738
430.109	41.517
431.109	54.749
432.10999999999996	58.254
433.109	46.809
434.109	32.62
435.109	43.81
436.109	54.493
437.109	51.38
438.109	48.398
439.109	33.193
440.109	41.459

