0.0	0.0
0.102	28.136
1.102	42.676
2.1029999999999998	46.71
3.102	49.115
4.102	60.162
5.102	65.917
6.102	56.494
7.102	62.36
8.103	49.805
9.103	51.943
10.102	50.37
11.102	20.23
12.103	48.823
13.102	66.631
14.102	46.591
15.102	42.605
16.102	28.992
17.103	57.122
18.102	59.278
19.102	48.715
20.102	50.527
21.102	26.024
22.103	47.249
23.102	47.661
24.102	71.362
25.103	53.892
26.102	45.712
27.103	38.545
28.103	21.976
29.102	59.807
30.103	68.455
31.102	62.027
32.102000000000004	19.89
33.102000000000004	58.818
34.102000000000004	64.095
35.103	32.21
36.102000000000004	63.012
37.102000000000004	63.733
38.102000000000004	55.765
39.102000000000004	50.499
40.102000000000004	20.955
41.102000000000004	34.308
42.102000000000004	67.647
43.103	62.291
44.103	66.028
45.102000000000004	51.572
46.102000000000004	30.474
47.102000000000004	27.328
48.102000000000004	51.183
49.102000000000004	67.878
50.102000000000004	49.774
51.102000000000004	42.672
52.102000000000004	51.619
53.103	10.782
54.102000000000004	14.057
55.102000000000004	19.234
56.102000000000004	55.312
57.102000000000004	65.978
58.102000000000004	52.688
59.102000000000004	26.443
60.102000000000004	56.27
61.102000000000004	32.731
62.103	24.385
63.102000000000004	19.443
64.102	18.575
65.102	23.741
66.102	13.768
67.10300000000001	24.835
68.102	21.107
69.10300000000001	17.023
70.102	25.446
71.102	12.574
72.102	51.305
73.10300000000001	26.161
74.102	39.673
75.102	34.25
76.102	34.647
77.102	43.321
78.102	32.66
79.102	24.08
80.10300000000001	20.82
81.102	23.907
82.102	35.198
83.102	41.228
84.10300000000001	33.948
85.102	40.857
86.102	38.24
87.102	53.374
88.102	34.509
89.10300000000001	27.033
90.10300000000001	61.222
91.102	47.173
92.10300000000001	48.619
93.102	49.113
94.10300000000001	28.137
95.102	50.687
96.102	36.052
97.102	48.558
98.102	48.053
99.10300000000001	31.415
100.102	47.261
101.102	28.685
102.102	20.58
103.102	14.306
104.102	26.933
105.10300000000001	14.475
106.102	10.568
107.102	11.01
108.102	20.95
109.10300000000001	43.723
110.102	25.801
111.10300000000001	18.859
112.102	17.458
113.102	26.361
114.10300000000001	28.991
115.102	20.938
116.102	37.727
117.102	34.553
118.102	16.623
119.10300000000001	13.877
120.10300000000001	27.585
121.102	47.522
122.102	24.913
123.102	32.618
124.102	27.587
125.102	14.155
126.102	31.85
127.102	48.201
128.102	37.188
129.103	24.753
130.102	35.894
131.103	30.032
132.102	28.588
133.103	28.285
134.102	35.08
135.102	32.718
136.103	28.217
137.102	24.659
138.103	27.93
139.103	28.724
140.103	27.897
141.102	30.94
142.103	37.449
143.102	47.281
144.102	30.011
145.102	30.441
146.102	59.965
147.102	65.568
148.102	66.224
149.102	33.562
150.102	31.037
151.103	42.05
152.102	65.152
153.103	44.022
154.103	40.443
155.102	35.028
156.102	44.81
157.102	65.224
158.102	63.011
159.103	52.551
160.102	20.033
161.103	44.477
162.102	63.193
163.102	65.503
164.102	61.423
165.102	27.164
166.102	43.292
167.103	64.158
168.102	61.591
169.103	61.681
170.102	40.665
171.102	28.672
172.102	65.126
173.102	62.0
174.103	59.549
175.102	33.816
176.102	29.818
177.102	65.437
178.102	63.195
179.103	65.125
180.102	44.192
181.103	32.439
182.102	59.031
183.102	64.962
184.102	45.1
185.103	34.943
186.102	24.903
187.102	38.764
188.102	60.969
189.103	66.569
190.102	30.769
191.102	28.737
192.102	50.346
193.103	61.107
194.102	61.833
195.102	41.549
196.102	24.739
197.102	59.719
198.102	61.21
199.102	61.177
200.102	43.794
201.102	27.328
202.102	56.836
203.102	58.343
204.102	57.442
205.102	38.169
206.103	28.033
207.103	59.588
208.103	61.731
209.102	62.537
210.102	37.809
211.103	24.256
212.102	56.999
213.102	58.605
214.102	59.84
215.103	48.857
216.104	26.266
217.102	53.28
218.102	59.572
219.102	58.072
220.103	43.936
221.102	21.79
222.102	57.663
223.103	58.245
224.103	62.091
225.102	38.502
226.102	29.229
227.102	61.341
228.102	37.429
229.102	31.447
230.102	21.385
231.103	22.991
232.102	25.164
233.102	29.359
234.103	20.48
235.102	25.573
236.102	46.489
237.103	37.877
238.103	48.081
239.102	24.905
240.102	45.198
241.102	27.426
242.102	49.577
243.103	62.026
244.102	44.756
245.103	27.236
246.102	32.604
247.103	25.023
248.103	27.019
249.102	26.69
250.103	23.127
251.102	23.994
252.102	20.087
253.102	23.942
254.107	19.629
255.102	18.636
256.102	23.937
257.102	24.134
258.102	24.147
259.102	22.828
260.102	20.813
261.102	13.851
262.102	27.572
263.10299999999995	19.653
264.102	25.064
265.102	12.199
266.102	14.74
267.102	35.955
268.102	27.941
269.102	22.72
270.10299999999995	20.845
271.10299999999995	19.296
272.102	23.722
273.102	24.788
274.102	17.0
275.10299999999995	20.478
276.102	22.47
277.113	24.888
278.103	22.846
279.103	29.063
280.10200000000003	18.291
281.103	24.318
282.10200000000003	21.449
283.103	23.42
284.103	22.275
285.10200000000003	26.361
286.10200000000003	23.069
287.10200000000003	20.996
288.10200000000003	17.075
289.103	21.665
290.10200000000003	21.557
291.103	23.845
292.10200000000003	18.764
293.10200000000003	18.979
294.10200000000003	15.45
295.103	21.534
296.103	25.612
297.103	28.283
298.10200000000003	28.156
299.10200000000003	24.067
300.103	10.978
301.10200000000003	22.996
302.103	26.077
303.10200000000003	36.142
304.103	27.043
305.103	18.477
306.10200000000003	11.177
307.103	19.887
308.10200000000003	19.369
309.103	20.973
310.10200000000003	20.738
311.10200000000003	20.351
312.10200000000003	20.466
313.10200000000003	22.02
314.103	21.535
315.103	22.884
316.10200000000003	16.133
317.103	15.71
318.10200000000003	17.707
319.10200000000003	19.713
320.10200000000003	13.784
321.103	15.215
322.10200000000003	10.676
323.10200000000003	15.0
324.10200000000003	14.137
325.10200000000003	39.085
326.103	43.685
327.103	51.628
328.10200000000003	43.684
329.10200000000003	63.307
330.10200000000003	62.815
331.10200000000003	49.217
332.10200000000003	32.604
333.10200000000003	44.302
334.10200000000003	44.995
335.103	27.343
336.10200000000003	25.258
337.103	32.07
338.10200000000003	29.942
339.10200000000003	34.975
340.10200000000003	36.86
341.10200000000003	32.254
342.10200000000003	22.344
343.10200000000003	18.987
344.10200000000003	16.939
345.103	38.884
346.103	45.393
347.10200000000003	36.303
348.103	61.767
349.103	62.061
350.10200000000003	52.79
351.10200000000003	50.949
352.10200000000003	23.789
353.10200000000003	42.719
354.103	56.794
355.10200000000003	57.032
356.10200000000003	62.851
357.103	24.633
358.10200000000003	39.813
359.10200000000003	60.789
360.103	62.747
361.10200000000003	64.585
362.10200000000003	32.26
363.10200000000003	34.028
364.103	66.159
365.10200000000003	61.231
366.103	61.747
367.10200000000003	38.136
368.103	39.278
369.10200000000003	56.77
370.10200000000003	60.506
371.10200000000003	62.472
372.10200000000003	34.175
373.103	23.691
374.103	58.287
375.10200000000003	60.325
376.10200000000003	57.802
377.10200000000003	35.192
378.10200000000003	3.666
379.103	40.96
380.103	52.186
381.10200000000003	44.367
382.10200000000003	24.674
383.10200000000003	25.788
384.10200000000003	53.26
385.103	64.715
386.10200000000003	59.555
387.10200000000003	38.676
388.103	28.799
389.10200000000003	61.865
390.10200000000003	66.256
391.103	60.129
392.103	49.857
393.10200000000003	33.128
394.10200000000003	50.397
395.10200000000003	60.227
396.10200000000003	60.588
397.10200000000003	39.452
398.10200000000003	22.603
399.103	60.845
400.10200000000003	63.963
401.10200000000003	38.271
402.10200000000003	25.978
403.10200000000003	26.927
404.10200000000003	30.21
405.10200000000003	21.953
406.10200000000003	21.024
407.103	13.323
408.10200000000003	10.859
409.103	30.446
410.10200000000003	36.083
411.10200000000003	41.132
412.10200000000003	32.919
413.103	39.233
414.10200000000003	37.923
415.10200000000003	38.223
416.103	38.318
417.10200000000003	30.275
418.10200000000003	41.107
419.10200000000003	39.56
420.103	34.534
421.103	39.585
422.10200000000003	33.071
423.10200000000003	39.174
424.10200000000003	32.493
425.10200000000003	31.196
426.10200000000003	36.164
427.10200000000003	34.25
428.10200000000003	28.594
429.10200000000003	27.976
430.10200000000003	29.347
431.10200000000003	31.849
432.10200000000003	26.275
433.10200000000003	33.766
434.10200000000003	32.784
435.10200000000003	33.735
436.10200000000003	57.64
437.10200000000003	49.875
438.10200000000003	33.669
439.10200000000003	63.209
440.10200000000003	64.684

