0.0	6.28
0.692	19.54
1.6929999999999998	16.453
2.6929999999999996	22.318
3.6919999999999997	18.893
4.692	19.201
5.692	16.689
6.693	8.134
7.691999999999999	27.598
8.692	16.978
9.692	16.376
10.692	6.729
11.692	14.051
12.692	8.961
13.692	7.484
14.692	10.74
15.693	9.289
16.692	12.201
17.692	12.988
18.693	14.728
19.692	11.958
20.693	11.012
21.692	23.582
22.692	18.224
23.692	18.71
24.692	6.276
25.692	6.54
26.692	18.08
27.692	30.344
28.692	25.653
29.692	26.894
30.692	16.632
31.693	19.803
32.693	25.54
33.692	26.625
34.692	28.104
35.692	32.594
36.692	23.064
37.693	16.775
38.692	13.248
39.692	16.278
40.692	10.848
41.692	14.382
42.693	14.983
43.692	27.725
44.692	36.201
45.692	33.597
46.692	35.82
47.692	20.715
48.692	17.789
49.692	14.13
50.692	17.909
51.692	30.484
52.692	25.768
53.692	37.427
54.693	21.733
55.692	20.521
56.692	27.056
57.692	29.33
58.693	32.087
59.693	40.215
60.692	44.892
61.692	33.878
62.693	38.645
63.692	27.411
64.69200000000001	22.481
65.69200000000001	35.958
66.69200000000001	42.742
67.69200000000001	34.374
68.69300000000001	38.617
69.69200000000001	20.285
70.69200000000001	11.255
71.69200000000001	47.284
72.69200000000001	42.425
73.69300000000001	33.341
74.69200000000001	13.322
75.69300000000001	37.639
76.69200000000001	41.18
77.69200000000001	31.6
78.69200000000001	32.679
79.69200000000001	39.448
80.69200000000001	30.881
81.69200000000001	46.17
82.69200000000001	49.837
83.69200000000001	43.872
84.69200000000001	43.685
85.69300000000001	39.616
86.69300000000001	50.677
87.69200000000001	28.217
88.69300000000001	51.3
89.69200000000001	52.14
90.69200000000001	26.722
91.69200000000001	38.795
92.69200000000001	25.352
93.69200000000001	42.123
94.69200000000001	56.573
95.69200000000001	30.899
96.69200000000001	17.574
97.69200000000001	45.134
98.69200000000001	27.741
99.69200000000001	37.566
100.69200000000001	35.734
101.69200000000001	45.263
102.69300000000001	29.365
103.69200000000001	35.822
104.69200000000001	23.808
105.69200000000001	50.348
106.69200000000001	35.621
107.69200000000001	34.947
108.69300000000001	32.055
109.69200000000001	32.278
110.69200000000001	24.865
111.69200000000001	21.346
112.69300000000001	32.265
113.69200000000001	30.892
114.69300000000001	30.913
115.69300000000001	37.133
116.69300000000001	37.344
117.69200000000001	7.225
118.69200000000001	23.953
119.69200000000001	46.35
120.69200000000001	52.601
121.69200000000001	38.007
122.69200000000001	43.519
123.69200000000001	19.364
124.69200000000001	8.323
125.69200000000001	27.448
126.69300000000001	37.47
127.69300000000001	26.732
128.692	26.148
129.692	23.396
130.692	44.236
131.692	56.828
132.693	41.582
133.693	40.206
134.693	19.286
135.692	28.508
136.692	58.572
137.692	49.332
138.692	44.171
139.692	42.49
140.693	38.223
141.693	49.486
142.692	38.656
143.693	25.414
144.693	26.617
145.692	48.545
146.692	27.829
147.69400000000002	53.338
148.692	55.853
149.692	39.059
150.692	41.618
151.692	33.419
152.692	43.876
153.692	34.673
154.692	31.48
155.693	31.861
156.693	51.085
157.693	19.286
158.692	10.737
159.693	15.466
160.693	46.708
161.692	52.147
162.693	40.64
163.692	41.713
164.692	34.045
165.692	54.329
166.692	56.459
167.692	30.934
168.693	16.859
169.692	19.152
170.692	32.735
171.692	51.856
172.692	16.591
173.692	17.188
174.693	22.062
175.692	31.031
176.692	41.255
177.692	37.7
178.692	31.347
179.692	31.998
180.692	28.802
181.693	34.51
182.692	21.044
183.693	23.591
184.692	21.924
185.692	19.502
186.692	20.34
187.692	29.212
188.692	30.356
189.692	47.552
190.692	44.498
191.692	34.993
192.693	48.61
193.692	53.98
194.693	24.353
195.692	21.244
196.692	15.204
197.692	42.039
198.692	45.665
199.693	46.866
200.693	37.88
201.693	48.264
202.693	41.955
203.692	37.994
204.692	34.078
205.692	56.36
206.692	35.599
207.693	37.971
208.692	42.951
209.692	42.85
210.693	27.721
211.693	12.398
212.692	41.524
213.693	55.302
214.692	45.632
215.693	48.528
216.692	39.239
217.692	59.725
218.693	46.645
219.693	52.054
220.692	42.778
221.692	41.877
222.692	44.302
223.692	54.657
224.692	45.056
225.692	51.999
226.693	29.192
227.692	55.017
228.692	52.33
229.692	38.169
230.693	37.444
231.693	27.985
232.692	47.753
233.692	37.79
234.693	36.779
235.692	35.84
236.693	29.832
237.692	24.659
238.693	23.327
239.692	18.004
240.692	39.95
241.692	41.951
242.692	46.288
243.692	40.927
244.692	43.512
245.693	33.095
246.693	53.842
247.692	49.643
248.693	33.718
249.693	41.615
250.693	52.956
251.692	35.141
252.693	48.447
253.693	54.329
254.693	43.936
255.692	51.836
256.693	42.942
257.693	36.753
258.692	48.726
259.692	54.755
260.692	48.431
261.692	50.79
262.692	41.336
263.692	35.209
264.692	51.445
265.692	53.919
266.692	44.318
267.692	48.939
268.692	52.592
269.692	39.878
270.692	44.007
271.692	55.984
272.692	41.566
273.692	52.801
274.693	38.756
275.693	33.053
276.692	33.987
277.692	36.343
278.692	30.715
279.692	28.07
280.693	42.268
281.692	36.252
282.692	31.746
283.693	36.443
284.692	36.097
285.692	39.268
286.692	40.865
287.692	40.992
288.692	52.594
289.693	32.857
290.692	34.866
291.693	24.051
292.692	23.507
293.692	23.372
294.693	54.725
295.692	30.394
296.692	25.881
297.692	26.469
298.693	17.523
299.693	33.158
300.692	22.892
301.692	34.735
302.692	31.09
303.692	16.142
304.692	44.07
305.692	28.135
306.693	24.461
307.693	30.331
308.692	39.01
309.693	31.703
310.693	34.131
311.692	32.529
312.693	29.645
313.693	37.11
314.692	27.918
315.692	59.342
316.692	41.78
317.692	29.624
318.692	24.849
319.693	17.714
320.692	18.959
321.692	42.843
322.693	19.473
323.692	20.974
324.692	25.316
325.694	17.773
326.692	17.968
327.693	34.071
328.692	33.119
329.692	17.275
330.692	15.885
331.692	32.534
332.693	40.366
333.693	40.498
334.692	28.714
335.692	34.766
336.693	39.166
337.692	43.705
338.692	47.547
339.692	47.169
340.692	46.579
341.692	30.179
342.692	44.238
343.692	41.14
344.692	30.995
345.693	27.935
346.692	37.126
347.692	34.822
348.692	38.284
349.692	36.862
350.692	38.107
351.692	27.63
352.693	10.784
353.692	0.0
354.692	40.668
355.692	28.704
356.692	37.912
357.692	33.98
358.692	27.869
359.692	36.45
360.693	34.047
361.692	55.181
362.692	52.261
363.693	50.086
364.692	43.876
365.692	39.256
366.692	55.05
367.692	48.529
368.692	53.805
369.692	41.91
370.692	44.4
371.692	61.308
372.692	51.95
373.693	48.005
374.693	43.789
375.692	40.444
376.693	48.577
377.692	54.013
378.693	27.869
379.693	23.419
380.692	29.884
381.692	3.801
382.692	44.912
383.693	58.687
384.693	43.592
385.692	47.972
386.692	33.751
387.692	57.966
388.692	52.297
389.692	51.999
390.693	51.595
391.692	41.041
392.692	45.563
393.692	61.227
394.692	50.003
395.692	50.379
396.693	48.414
397.693	25.879
398.692	59.119
399.693	54.908
400.692	42.778
401.692	50.298
402.692	33.226
403.693	52.842
404.692	58.916
405.692	48.168
406.692	46.399
407.692	34.373
408.692	51.609
409.692	54.755
410.692	51.083
411.693	46.609
412.692	40.763
413.692	49.741
414.692	52.871
415.692	50.937
416.692	44.491
417.694	39.219
418.692	46.713
419.693	57.278
420.693	52.186
421.692	44.433
422.692	42.139
423.692	44.384
424.692	55.525
425.692	52.117
426.692	46.664
427.693	41.853
428.692	40.861
429.692	54.296
430.692	48.988
431.692	49.757
432.693	43.379
433.692	38.092
434.692	57.556
435.692	49.414
436.692	44.515
437.692	44.892
438.692	37.912
439.692	56.688
440.692	40.828
441.692	20.316
442.692	46.596
443.692	30.523
444.692	54.394
445.692	54.837
446.692	47.906
447.692	50.561
448.692	33.177
449.692	53.444
450.692	53.358
451.693	47.987
452.692	48.332
453.692	30.492
454.693	52.136
455.692	57.188
456.693	46.708
457.692	47.415
458.692	37.711
459.693	47.528
460.692	61.882

