0.0	7.558
0.851	28.308
1.851	32.018
2.852	31.013
3.851	28.032
4.851	25.617
5.851	23.679
6.852	26.749
7.851	24.361
8.850999999999999	27.186
9.850999999999999	23.261
10.850999999999999	19.425
11.851999999999999	13.664
12.850999999999999	18.904
13.850999999999999	9.306
14.850999999999999	29.85
15.850999999999999	27.186
16.851	26.711
17.851	22.894
18.851	28.204
19.852	26.113
20.852	25.453
21.851	22.124
22.851	23.924
23.852	19.482
24.852	34.703
25.851	33.147
26.852	33.269
27.851	32.351
28.851	47.546
29.851	44.662
30.851	37.428
31.851	44.243
32.852	41.962
33.851	44.492
34.852	46.866
35.851	30.539
36.851	46.202
37.851	44.579
38.852	39.234
39.851	33.259
40.852	37.95
41.851	36.602
42.851	35.725
43.851	34.156
44.852	34.897
45.852	41.706
46.851	53.624
47.851	43.432
48.851	37.331
49.852	24.936
50.852	41.06
51.851	44.635
52.852	31.322
53.851	31.479
54.852	33.161
55.851	33.602
56.851	33.98
57.851	32.513
58.851	34.941
59.851	31.035
60.851	38.061
61.852	32.249
62.851	34.714
63.851	30.678
64.851	28.447
65.852	36.639
66.851	31.007
67.851	40.015
68.851	51.579
69.852	29.911
70.852	37.573
71.851	50.561
72.851	53.723
73.851	55.083
74.851	41.737
75.852	30.176
76.851	47.71
77.851	52.261
78.852	54.558
79.852	43.329
80.851	35.52
81.851	42.85
82.852	54.646
83.851	54.247
84.851	44.384
85.851	36.339
86.851	43.089
87.851	52.428
88.851	55.214
89.851	46.956
90.851	24.946
91.851	18.195
92.852	17.804
93.852	16.095
94.851	15.34
95.851	17.917
96.851	18.516
97.851	18.839
98.851	10.482
99.852	17.994
100.851	33.125
101.851	27.717
102.851	25.801
103.852	16.105
104.851	17.016
105.852	24.961
106.851	30.158
107.852	29.756
108.851	26.117
109.851	28.182
110.852	10.223
111.852	53.33
112.851	30.226
113.852	30.669
114.851	19.811
115.851	24.387
116.852	26.108
117.851	31.171
118.851	23.738
119.852	16.149
120.851	35.435
121.851	37.03
122.851	28.304
123.851	21.088
124.852	18.537
125.852	29.888
126.851	28.725
127.851	32.933
128.852	37.132
129.852	34.455
130.851	30.834
131.851	28.917
132.851	25.57
133.851	27.254
134.852	24.498
135.851	22.026
136.851	22.139
137.851	19.055
138.851	20.151
139.852	19.793
140.852	19.825
141.852	19.166
142.851	10.601
143.851	7.168
144.852	5.986
145.851	41.714
146.851	30.025
147.851	19.605
148.851	22.318
149.852	30.067
150.851	27.524
151.851	36.502
152.851	30.457
153.852	27.835
154.852	26.062
155.851	15.533
156.852	29.201
157.851	25.719
158.851	26.28
159.851	23.394
160.851	22.411
161.851	13.234
162.852	20.131
163.852	25.537
164.851	23.616
165.851	26.643
166.851	29.277
167.852	19.779
168.852	33.485
169.851	33.339
170.851	28.608
171.852	50.841
172.851	40.638
173.852	45.976
174.852	44.003
175.851	34.449
176.851	37.972
177.852	50.972
178.851	54.078
179.852	49.069
180.851	35.995
181.851	36.306
182.851	50.069
183.851	55.181
184.851	49.376
185.851	38.422
186.851	37.502
187.851	45.596
188.851	44.895
189.851	34.279
190.852	32.257
191.852	32.255
192.851	44.408
193.851	39.636
194.851	31.278
195.852	27.243
196.851	28.278
197.851	39.225
198.851	52.979
199.851	54.193
200.852	30.778
201.851	38.791
202.852	53.805
203.852	53.133
204.852	55.377
205.852	43.69
206.851	36.467
207.852	43.745
208.852	53.301
209.851	56.033
210.851	46.448
211.851	26.689
212.851	43.532
213.851	52.854
214.851	54.116
215.851	40.886
216.852	29.261
217.852	53.346
218.852	55.039
219.851	52.801
220.852	48.725
221.851	32.358
222.851	41.517
223.851	53.215
224.851	54.788
225.851	47.286
226.852	36.326
227.851	43.876
228.851	46.268
229.851	54.755
230.851	45.809
231.851	52.232
232.851	14.024
233.851	19.365
234.851	37.502
235.851	25.533
236.852	26.214
237.852	31.111
238.851	51.508
239.852	53.924
240.851	53.702
241.852	41.353
242.852	32.636
243.852	53.231
244.852	38.406
245.851	19.867
246.851	29.189
247.851	44.498
248.851	44.875
249.851	52.297
250.851	52.428
251.851	48.3
252.851	45.891
253.851	47.382
254.851	46.729
255.852	37.884
256.851	32.882
257.851	50.167
258.851	56.803
259.851	50.528
260.851	38.169
261.852	43.461
262.851	40.648
263.851	51.937
264.851	51.92
265.851	51.347
266.851	40.501
267.851	41.123
268.851	46.727
269.851	40.697
270.851	52.658
271.851	41.377
272.852	41.329
273.851	13.454
274.852	41.591
275.851	57.704
276.851	55.951
277.851	18.832
278.851	51.101
279.851	52.838
280.851	53.69
281.851	53.456
282.852	40.124
283.852	31.636
284.851	48.332
285.851	54.198
286.851	54.16
287.852	36.408
288.851	35.356
289.851	54.116
290.851	54.165
291.851	48.299
292.851	31.666
293.851	32.079
294.851	43.772
295.852	39.879
296.852	30.409
297.851	25.778
298.852	28.094
299.851	26.826
300.851	22.662
301.852	22.897
302.852	31.465
303.851	32.633
304.851	26.05
305.851	27.649
306.851	31.537
307.851	26.635
308.852	21.72
309.851	27.189
310.851	24.511
311.852	29.89
312.851	23.781
313.851	18.031
314.852	32.223
315.851	37.994
316.852	28.239
317.852	28.1
318.851	31.32
319.851	26.087
320.851	28.72
321.851	36.009
322.852	34.148
323.852	35.973
324.851	35.476
325.851	36.404
326.852	37.3
327.851	30.895
328.851	40.419
329.851	37.848
330.851	33.034
331.851	31.59
332.852	33.512
333.851	31.457
334.851	31.104
335.851	26.911
336.851	25.414
337.851	23.555
338.851	25.641
339.851	23.615
340.851	25.382
341.851	26.446
342.851	4.901
343.852	33.647
344.851	8.309
345.851	34.199
346.852	22.351
347.851	26.938
348.852	40.543
349.852	23.407
350.851	40.277
351.851	30.083
352.852	23.227
353.851	17.68
354.852	32.231
355.852	31.414
356.851	41.286
357.852	48.379
358.852	17.056
359.851	26.679
360.852	55.203
361.851	47.644
362.851	45.318
363.851	30.867
364.851	48.48
365.851	54.362
366.851	50.987
367.851	52.572
368.852	34.553
369.852	35.621
370.851	57.016
371.851	55.738
372.851	58.17
373.852	32.735
374.852	34.998
375.851	55.443
376.851	53.968
377.851	50.593
378.851	34.208
379.852	33.98
380.852	55.836
381.852	57.171
382.851	34.988
383.851	32.506
384.852	43.28
385.851	41.091
386.851	35.18
387.851	33.146
388.852	28.661
389.851	42.003
390.851	56.754
391.851	42.41
392.851	41.931
393.851	32.537
394.851	32.964
395.851	56.049
396.851	54.853
397.851	58.006
398.852	38.967
399.851	30.162
400.851	54.733
401.852	53.055
402.851	53.182
403.851	37.257
404.851	31.227
405.851	55.289
406.852	54.17
407.851	54.242
408.852	45.314
409.851	30.67
410.851	53.149
411.851	52.985
412.851	53.673
413.851	43.614
414.851	35.356
415.851	45.436
416.852	54.646
417.851	54.329
418.851	41.648
419.851	36.012
420.851	46.661
421.851	55.748
422.852	53.235
423.851	43.401
424.851	38.912
425.851	49.332
426.851	57.212
427.851	55.96
428.852	48.61
429.851	29.884
430.851	32.915
431.851	50.854
432.852	56.967
433.852	54.525
434.852	37.884
435.851	33.39
436.851	55.902
437.851	55.486
438.852	56.426
439.852	43.1
440.851	31.784
441.851	46.32
442.852	54.919
443.852	54.646
444.851	48.103
445.851	13.533
446.851	30.703
447.851	53.215
448.851	55.672
449.851	52.527
450.851	32.178
451.852	46.956
452.852	59.139

