0.0	6.821
0.837	20.016
1.8379999999999999	21.821
2.8369999999999997	21.805
3.8369999999999997	27.622
4.837999999999999	26.259
5.837999999999999	20.52
6.836999999999999	19.555
7.837999999999999	21.133
8.838	27.141
9.837	34.429
10.838	43.822
11.837	44.79
12.837	40.81
13.838	26.839
14.837	37.997
15.837	27.941
16.837	24.906
17.837	30.333
18.838	28.188
19.838	23.497
20.838	23.089
21.837	18.731
22.837	17.103
23.837	21.471
24.838	20.36
25.838	0.151
26.837	0.0
27.838	37.806
28.837	30.724
29.838	24.328
30.837	20.187
31.837	24.911
32.837	23.099
33.837	20.659
34.837	24.888
35.837	23.754
36.838	21.842
37.837	18.133
38.837	15.054
39.837	5.365
40.838	6.476
41.837	13.868
42.837	13.264
43.837	11.323
44.837	16.273
45.837	13.943
46.837	13.728
47.837	18.127
48.837	18.531
49.837	21.929
50.838	23.629
51.837	23.312
52.837	24.748
53.837	24.699
54.837	27.574
55.837	21.664
56.838	22.087
57.837	18.752
58.837	11.338
59.837	21.682
60.837	13.027
61.837	19.281
62.837	55.905
63.837	40.37
64.837	22.816
65.83800000000001	33.488
66.83800000000001	47.233
67.837	57.737
68.837	50.397
69.837	13.795
70.837	32.21
71.837	52.314
72.837	58.277
73.837	58.556
74.837	39.092
75.837	38.562
76.83800000000001	54.744
77.837	55.443
78.837	62.029
79.837	37.044
80.837	32.227
81.837	56.877
82.83800000000001	56.876
83.837	57.016
84.837	36.061
85.837	29.523
86.837	56.655
87.837	56.721
88.837	40.434
89.837	28.019
90.837	38.334
91.837	42.797
92.837	39.034
93.837	38.301
94.837	30.344
95.837	40.452
96.837	45.874
97.837	53.605
98.837	52.953
99.837	41.442
100.83800000000001	32.85
101.837	46.989
102.837	59.26
103.837	57.024
104.83800000000001	44.248
105.837	29.183
106.83800000000001	51.497
107.837	55.502
108.83800000000001	55.826
109.837	45.744
110.837	34.603
111.837	51.953
112.837	54.962
113.83800000000001	58.359
114.83800000000001	41.935
115.837	32.456
116.837	49.922
117.837	51.429
118.837	56.14
119.83800000000001	48.184
120.837	27.328
121.837	43.614
122.837	56.623
123.837	53.919
124.837	33.718
125.837	22.129
126.83800000000001	39.787
127.837	47.167
128.837	46.807
129.837	38.207
130.837	21.834
131.838	35.26
132.837	58.261
133.837	57.45
134.838	51.314
135.838	38.016
136.837	33.423
137.837	51.871
138.837	60.232
139.838	42.591
140.837	7.34
141.837	27.656
142.837	53.477
143.837	55.476
144.837	50.069
145.837	38.043
146.837	42.926
147.837	57.311
148.837	55.836
149.837	47.056
150.838	30.932
151.838	41.919
152.837	56.0
153.837	56.402
154.838	48.201
155.838	35.667
156.838	37.666
157.838	51.202
158.837	57.049
159.837	46.891
160.837	32.899
161.837	41.966
162.838	55.273
163.839	56.712
164.838	52.038

