0.0	19.431
0.982	24.766
1.9809999999999999	26.697
2.981	26.647
3.981	28.286
4.981	27.38
5.981	29.127
6.981	30.552
7.981999999999999	32.804
8.982	35.137
9.981	43.221
10.982	49.534
11.981	58.819
12.981	44.645
13.981	39.632
14.981	37.066
15.981	20.852
16.982	53.127
17.980999999999998	44.462
18.980999999999998	39.918
19.980999999999998	37.289
20.980999999999998	22.79
21.980999999999998	57.36
22.980999999999998	40.182
23.980999999999998	39.897
24.980999999999998	35.291
25.980999999999998	23.002
26.980999999999998	55.812
27.980999999999998	43.706
28.982	39.859
29.980999999999998	38.991
30.980999999999998	9.54
31.980999999999998	27.131
32.980999999999995	61.374
33.980999999999995	54.319
34.980999999999995	42.573
35.980999999999995	28.409
36.980999999999995	50.561
37.980999999999995	40.923
38.980999999999995	39.961
39.980999999999995	40.309
40.980999999999995	29.749
41.980999999999995	50.674
42.98199999999999	38.929
43.98199999999999	39.652
44.98199999999999	38.817
45.98199999999999	25.424
46.980999999999995	56.28
47.98199999999999	37.306
48.980999999999995	24.519
49.98199999999999	40.659
50.980999999999995	17.971
51.98199999999999	26.198
52.98199999999999	55.15
53.980999999999995	28.249
54.980999999999995	33.282
55.980999999999995	35.533
56.980999999999995	26.114
57.980999999999995	51.433
58.980999999999995	38.471
59.980999999999995	30.296
60.980999999999995	24.455
61.980999999999995	19.98
62.980999999999995	29.213
63.980999999999995	25.159
64.981	22.268
65.981	25.37
66.982	22.367
67.981	29.037
68.981	30.342
69.982	28.01
70.981	27.689
71.981	16.184
72.981	21.456
73.982	26.798
74.982	23.401
75.982	20.434
76.981	20.317
77.981	24.615
78.982	24.202
79.982	21.09
80.982	16.089
81.982	24.644
82.981	23.789
83.981	27.316
84.981	21.88
85.981	22.167
86.981	25.069
87.981	25.505
88.981	23.962
89.981	16.995
90.981	13.663
91.981	18.652
92.981	17.807
93.981	9.716
94.981	25.325
95.981	24.074
96.982	31.879
97.981	25.343
98.981	20.486
99.981	14.308
100.982	12.955
101.981	7.336
102.982	7.092
103.981	9.044
104.982	6.59
105.981	12.088
106.981	22.657
107.981	18.282
108.982	15.263
109.981	22.637
110.981	23.502
111.981	25.789
112.981	22.223
113.982	23.858
114.981	16.305
115.981	16.419
116.981	13.064
117.981	14.252
118.982	9.425
119.982	16.574
120.981	14.316
121.981	15.701
122.981	13.674
123.981	1.693
124.981	12.0
125.981	17.228
126.982	10.535
127.981	9.144
128.981	15.637
129.982	19.811
130.982	17.761
131.981	22.376
132.981	26.437
133.981	26.368
134.981	31.924
135.982	36.122
136.981	26.461
137.981	30.151
138.981	27.887
139.981	19.314
140.981	18.893
141.981	20.186
142.982	13.225
143.981	17.524
144.981	17.804
145.981	15.0
146.981	15.626
147.981	15.815
148.982	19.82
149.982	13.943
150.982	15.63
151.981	4.766
152.981	32.815
153.981	15.87
154.981	30.08
155.981	22.725
156.982	24.005
157.981	23.792
158.981	17.533
159.981	14.666
160.981	9.868
161.982	9.612
162.981	5.44
163.981	16.984
164.981	0.129
165.981	1.423
166.982	29.352
167.981	30.311
168.981	19.299
169.982	27.424
170.981	11.404
171.981	35.379
172.982	27.967
173.981	18.288
174.981	31.191
175.981	18.229
176.981	26.37
177.981	23.138
178.981	21.934
179.981	16.176
180.981	17.308
181.981	6.361
182.981	23.512
183.982	15.134
184.981	23.28
185.982	22.432
186.981	28.867
187.981	23.864
188.981	20.803
189.981	19.84
190.981	21.06
191.981	17.224
192.981	16.587
193.981	17.436
194.981	12.184
195.982	12.996
196.981	5.817
197.982	20.11
198.981	16.003
199.981	14.558
200.981	20.543
201.981	22.145
202.982	16.349
203.981	39.666
204.981	16.229
205.982	13.903
206.981	9.845
207.981	7.638
208.982	6.336
209.981	20.738
210.982	11.232
211.982	19.975
212.982	21.508
213.981	16.337
214.982	15.965
215.981	15.788
216.981	14.833
217.982	15.717
218.981	17.394
219.981	12.962
220.981	11.635
221.982	14.308
222.981	16.348
223.981	13.73
224.982	0.885
225.981	19.282
226.981	21.066
227.981	24.063
228.981	20.663
229.982	20.862
230.982	28.048
231.981	20.059
232.981	10.126
233.982	10.546
234.981	9.577
235.982	9.618
236.981	18.44
237.981	24.811
238.982	22.463
239.982	15.316
240.981	8.719
241.981	11.587
242.981	14.707
243.981	7.351
244.981	23.762
245.981	15.173
246.981	8.627
247.981	0.0
248.981	37.118
249.981	20.672
250.981	16.797
251.981	12.987
252.981	11.377
253.981	10.67
254.981	15.124
255.981	12.823
256.981	10.923
257.981	20.576
258.98199999999997	17.06
259.98199999999997	20.047
260.98199999999997	17.26
261.981	15.804
262.98199999999997	16.354
263.981	14.968
264.981	16.316
265.981	14.029
266.981	11.732
267.981	7.71
268.981	6.125
269.981	10.374
270.981	6.336
271.981	3.8
272.981	1.885
273.98199999999997	12.996
274.981	3.558
275.981	0.517
276.981	0.0
277.981	0.0
278.98199999999997	0.0
279.98199999999997	0.0
280.981	0.0
281.981	7.257
282.981	14.978
283.981	6.2
284.981	0.0
285.981	21.233
286.981	8.842
287.981	8.047
288.98199999999997	5.073
289.981	7.063
290.981	10.444
291.981	8.427
292.981	3.731
293.981	15.949
294.981	9.123
295.981	9.727
296.98199999999997	7.901

