0.0	3.133
0.148	18.052
1.148	25.111
2.1479999999999997	24.107
3.1479999999999997	35.363
4.148999999999999	30.129
5.147999999999999	37.225
6.148999999999999	29.961
7.147999999999999	33.364
8.149	34.262
9.148	35.145
10.148	41.778
11.149	40.127
12.149	16.758
13.149	58.572
14.148	47.762
15.149	46.855
16.148	40.267
17.148	32.254
18.148	32.815
19.148	15.567
20.149	32.621
21.149	4.836
22.148	38.272
23.148	30.669
24.148	33.881
25.149	32.234
26.148	36.34
27.148	29.893
28.148	44.397
29.148	33.716
30.149	55.877
31.148	30.733
32.147999999999996	21.751
33.148999999999994	17.761
34.148999999999994	21.869
35.148999999999994	44.684
36.147999999999996	49.291
37.147999999999996	39.585
38.147999999999996	54.842
39.147999999999996	48.121
40.147999999999996	38.058
41.147999999999996	43.265
42.147999999999996	29.65
43.147999999999996	24.896
44.148999999999994	26.091
45.147999999999996	37.485
46.147999999999996	45.335
47.147999999999996	47.358
48.147999999999996	46.435
49.147999999999996	47.521
50.147999999999996	40.412
51.147999999999996	47.589
52.147999999999996	41.55
53.147999999999996	43.454
54.148999999999994	37.711
55.147999999999996	44.257
56.147999999999996	45.99
57.147999999999996	45.08
58.147999999999996	39.253
59.147999999999996	47.794
60.147999999999996	36.59
61.147999999999996	38.639
62.147999999999996	35.82
63.148999999999994	28.099
64.148	45.688
65.149	29.58
66.149	21.87
67.148	30.928
68.148	41.347
69.149	37.511
70.148	37.975
71.149	40.232
72.148	40.509
73.148	35.072
74.149	26.754
75.148	30.173
76.148	25.687
77.148	24.119
78.148	28.603
79.148	1.466
80.148	44.742
81.148	33.16
82.148	32.905
83.148	8.679
84.149	24.687
85.148	4.201
86.149	8.074
87.148	9.96
88.148	11.882
89.149	14.002
90.149	15.302
91.149	19.225
92.148	23.997
93.149	37.657
94.148	47.266
95.148	46.818
96.148	43.184
97.149	34.791
98.148	37.344
99.148	27.023
100.148	40.373
101.149	39.092
102.149	28.563
103.148	28.124
104.148	34.813
105.149	32.567
106.148	35.252
107.148	35.627
108.149	30.958
109.148	24.512
110.148	23.261
111.148	27.725
112.148	25.245
113.148	20.388
114.149	35.153
115.148	35.605
116.149	30.042
117.149	22.379
118.148	35.22
119.148	29.893
120.148	13.509
121.149	19.799
122.149	19.031
123.148	4.837
124.149	45.852
125.148	30.847
126.149	65.535
127.148	47.599
128.149	48.535
129.148	44.568
130.149	51.264
131.148	48.01
132.148	46.748
133.148	49.513
134.149	47.938
135.148	48.464
136.148	48.053
137.148	48.167
138.149	41.495
139.148	52.949
140.148	48.064
141.148	42.85
142.149	53.585
143.148	38.665
144.149	31.078
145.148	22.042
146.149	19.777
147.149	21.749
148.149	24.549
149.153	32.319
150.148	27.585
151.148	24.015
152.148	23.821
153.148	30.333
154.148	31.072
155.149	35.788
156.149	51.253
157.149	48.864
158.148	46.899
159.148	47.201
160.148	47.908
161.149	46.299
162.148	42.941
163.148	46.184
164.149	26.895
165.149	44.107
166.148	38.736
167.148	40.731
168.148	42.003
169.148	38.746
170.148	46.863
171.149	37.902
172.148	48.256
173.148	32.416
174.148	33.656
175.148	33.795
176.149	32.452
177.148	37.333
178.148	44.351
179.148	46.123
180.148	34.045
181.148	44.311
182.148	45.627
183.148	48.676
184.148	36.937
185.148	47.541
186.148	43.894
187.15	42.801
188.148	43.577
189.149	43.821
190.148	47.046
191.149	47.648
192.148	46.985
193.148	46.057
194.148	48.854
195.149	41.373
196.149	40.219
197.148	28.879
198.148	38.736
199.148	36.295
200.149	34.94
201.149	29.232
202.148	22.555
203.148	26.194
204.149	22.704
205.148	21.785
206.148	22.571
207.149	25.133
208.148	23.235
209.148	23.605
210.148	19.944
211.148	17.955
212.148	12.055
213.149	24.957
214.148	24.425
215.148	20.942
216.148	21.244
217.148	29.934
218.148	31.426
219.148	42.16
220.148	38.328
221.148	41.801
222.148	36.973
223.149	42.542
224.149	39.005
225.149	33.636
226.148	29.72
227.148	25.026
228.149	32.653
229.149	31.682
230.148	36.736
231.149	33.28
232.148	53.618
233.148	40.553
234.148	32.647
235.148	41.816
236.149	42.957
237.148	41.14
238.148	35.177
239.148	47.126
240.148	43.619
241.148	43.212
242.148	41.874
243.148	31.921
244.148	23.53
245.148	12.746
246.148	14.644
247.148	20.759
248.148	32.789
249.148	36.098
250.148	33.418
251.149	34.605
252.149	35.51
253.148	22.175
254.148	13.755
255.148	18.24
256.148	16.827
257.149	17.346
258.149	18.303
259.15	21.2
260.14799999999997	24.787
261.14799999999997	25.52
262.14799999999997	33.695
263.14799999999997	32.049
264.14799999999997	27.203
265.14899999999994	24.575
266.14899999999994	26.258
267.14799999999997	23.685
268.14899999999994	36.572
269.14799999999997	30.098
270.14799999999997	28.197
271.14799999999997	31.298
272.14899999999994	27.807
273.14799999999997	28.031
274.14899999999994	25.245
275.14899999999994	25.34
276.14799999999997	19.472
277.14899999999994	21.028
278.14899999999994	22.312
279.14799999999997	24.614
280.14799999999997	26.566
281.14799999999997	23.97
282.14899999999994	22.872
283.14899999999994	23.683
284.14799999999997	21.956
285.14799999999997	17.265
286.14799999999997	23.261
287.14799999999997	21.104
288.14799999999997	19.531
289.14899999999994	22.107
290.14799999999997	28.075
291.14899999999994	23.53
292.14899999999994	9.261
293.14799999999997	35.799
294.14899999999994	10.406
295.14899999999994	29.879
296.14799999999997	38.035
297.14799999999997	27.337
298.14799999999997	33.753
299.14799999999997	32.373
300.14799999999997	30.508
301.14799999999997	28.911
302.14799999999997	22.398
303.14799999999997	36.557
304.14799999999997	29.181
305.14799999999997	25.304
306.14799999999997	25.121
307.14799999999997	31.726
308.14799999999997	36.37
309.14899999999994	30.918
310.14799999999997	26.176
311.14899999999994	28.552
312.14799999999997	30.27
313.14799999999997	28.792
314.14899999999994	24.94
315.14799999999997	30.402
316.14899999999994	22.69
317.14799999999997	27.52
318.14899999999994	21.789
319.14799999999997	24.533
320.14799999999997	27.622
321.14899999999994	28.879
322.14899999999994	28.93
323.14799999999997	41.413
324.14899999999994	28.496
325.14799999999997	53.051
326.14799999999997	50.041
327.14899999999994	48.021
328.14899999999994	43.794
329.14799999999997	30.572
330.14799999999997	2.95
331.14799999999997	59.639
332.14799999999997	37.043
333.14799999999997	39.372
334.14799999999997	41.026
335.14799999999997	39.608
336.15	43.248
337.149	38.272
338.149	43.622
339.149	36.61
340.149	38.108
341.148	44.071
342.148	43.427
343.148	40.741
344.148	43.583
345.148	40.514
346.148	36.541
347.148	35.648
348.148	41.063
349.148	31.488
350.148	35.862
351.148	43.171
352.148	47.101
353.148	39.134
354.148	34.023
355.148	58.136
356.148	46.975
357.148	44.613
358.148	52.336
359.149	48.311
360.149	48.144
361.148	47.994
362.148	47.702
363.148	48.398
364.149	48.371
365.148	46.479
366.148	49.364
367.148	47.816
368.148	48.037
369.15000000000003	48.144
370.148	48.129
371.148	47.341
372.148	48.08
373.148	39.798
374.148	35.263
375.148	35.739
376.148	46.59
377.148	45.961
378.148	42.888
379.149	36.659
380.148	46.241
381.148	36.568
382.148	38.973
383.148	39.381
384.149	35.772
385.149	40.63
386.148	42.634
387.149	46.709
388.148	47.007
389.148	49.145
390.148	37.896
391.148	44.728
392.148	48.444
393.148	44.966
394.148	49.369
395.148	47.472
396.148	38.438
397.148	47.703
398.149	40.89
399.148	31.343
400.148	46.856
401.148	38.869
402.149	43.384
403.148	41.928
404.148	49.218
405.148	44.489
406.148	46.797
407.148	44.581
408.148	45.616
409.148	31.489
410.148	33.561
411.148	43.575
412.149	46.883
413.149	47.545
414.148	40.712
415.149	47.151
416.148	35.928
417.149	45.856
418.148	47.924
419.148	40.205
420.149	35.773
421.148	43.987
422.148	36.751
423.148	44.527
424.148	41.649
425.148	32.888
426.148	36.021
427.149	45.239
428.148	39.96
429.148	40.386
430.149	34.777
431.148	38.762
432.149	35.548
433.149	35.51
434.148	39.268
435.149	32.962
436.148	28.641
437.149	24.988
438.148	13.638
439.149	9.801
440.148	16.693
441.148	21.266
442.148	19.211
443.148	19.45
444.149	16.818
445.148	15.291
446.148	17.049
447.148	14.037
448.149	11.096
449.149	11.679
450.148	5.752
451.149	0.0
452.148	7.972
453.149	13.72
454.148	15.927
455.148	9.91
456.148	11.269
457.148	12.185
458.148	10.816
459.148	16.165
460.148	15.507
461.148	15.944
462.149	11.743
463.149	11.924
464.148	12.485
465.148	10.422
466.149	11.442
467.148	13.321
468.149	13.714
469.148	14.919
470.148	14.159
471.148	13.641
472.149	13.226
473.148	11.904
474.149	11.787
475.148	11.42
476.148	7.872
477.148	0.0
478.148	26.463
479.148	11.83
480.148	12.919
481.148	11.765
482.148	11.032
483.148	0.409
484.149	25.043
485.148	13.954
486.148	13.124
487.148	11.387
488.148	10.191
489.149	11.075
490.148	10.094
491.149	11.269
492.148	10.859
493.148	14.127
494.148	4.432
495.148	0.0
496.148	21.33
497.148	11.333
498.148	10.546
499.148	8.273
500.149	4.087
501.149	0.0
502.148	29.313
503.149	11.183
504.148	9.047
505.148	11.225
506.149	14.073
507.149	11.647
508.148	11.818
509.149	13.342
510.148	12.304
511.148	11.15
512.148	12.854
513.148	14.278
514.148	6.157
515.148	13.458
516.148	11.29
517.148	6.729
518.148	5.084
519.149	15.004
520.148	8.273
521.149	17.26
522.148	15.917
523.148	11.695
524.148	12.568
525.148	10.256
526.149	12.983
527.149	14.54
528.148	7.149
529.148	6.959
530.149	7.297
531.148	9.716
532.148	11.624
533.149	10.46
534.149	10.291
535.15	14.001
536.148	12.746
537.148	13.393
538.148	4.201
539.149	18.052
540.148	18.763
541.149	22.423
542.148	25.307
543.148	24.738
544.148	30.227

