0.0	5.982
0.539	4.259
1.5390000000000001	0.0
2.539	3.677
3.539	47.709
4.54	62.37
5.539	55.213
6.539999999999999	57.704
7.538999999999999	62.785
8.54	62.35
9.539	58.46
10.539	60.239
11.539	62.601
12.539	47.6
13.539	68.284
14.539	63.594
15.539	62.591
16.539	64.151
17.539	52.678
18.539	54.186
19.540000000000003	58.053
20.539	59.747
21.539	46.522
22.539	68.684
23.539	60.771
24.539	61.188
25.539	59.227
26.539	56.377
27.539	54.641
28.540000000000003	56.899
29.539	55.462
30.539	59.657
31.539	59.834
32.54	60.089
33.539	53.391
34.54	70.118
35.539	61.167
36.54	59.735
37.54	59.63
38.539	59.553
39.539	58.859
40.539	56.958
41.54	51.423
42.539	50.357
43.54	59.285
44.539	57.436
45.54	54.531
46.539	56.272
47.539	58.63
48.539	56.443
49.539	53.197
50.539	56.531
51.539	55.796
52.539	61.338
53.539	62.407
54.539	40.599
55.54	28.208
56.539	56.033
57.539	65.159
58.54	63.602
59.54	44.74
60.539	31.26
61.539	8.29
62.539	53.751
63.54	66.633
64.53999999999999	44.166
65.53899999999999	30.867
66.53899999999999	60.981
67.53899999999999	65.339
68.53899999999999	66.796
69.53999999999999	47.315
70.53899999999999	34.996
71.53899999999999	47.089
72.53999999999999	64.503
73.53999999999999	57.48
74.53899999999999	27.668
75.53999999999999	26.738
76.53899999999999	25.301
77.53899999999999	24.376
78.53899999999999	27.693
79.53899999999999	23.887
80.53899999999999	29.849
81.53899999999999	27.586
82.53999999999999	10.051
83.53899999999999	36.014
84.53899999999999	28.325
85.53999999999999	53.268
86.53899999999999	61.947
87.53899999999999	64.634
88.53899999999999	65.65
89.53899999999999	45.694
90.53899999999999	25.107
91.53999999999999	45.94
92.53999999999999	61.374
93.53999999999999	63.994
94.53899999999999	48.579
95.53999999999999	25.617
96.53899999999999	56.967
97.53899999999999	62.767
98.53899999999999	60.494
99.53999999999999	46.727
100.53999999999999	30.406
101.53899999999999	54.001
102.53899999999999	61.669
103.53899999999999	66.977
104.53899999999999	42.795
105.53899999999999	25.378
106.53899999999999	51.265
107.53899999999999	58.474
108.53899999999999	58.392
109.53899999999999	44.138
110.53899999999999	27.525
111.53899999999999	36.503
112.53899999999999	54.657
113.53899999999999	58.825
114.53999999999999	47.513
115.53999999999999	33.768
116.53899999999999	54.575
117.53899999999999	58.753
118.53899999999999	35.93
119.53899999999999	51.23
120.53999999999999	24.288
121.53899999999999	30.108
122.54299999999999	55.156
123.53899999999999	48.108
124.53899999999999	26.998
125.53899999999999	27.262
126.53899999999999	28.128
127.53899999999999	26.76
128.539	25.064
129.54	25.925
130.539	6.586
131.539	26.803
132.539	40.993
133.539	40.127
134.54	37.4
135.539	33.161
136.539	48.309
137.539	47.833
138.539	57.054
139.539	51.506
140.539	29.032
141.539	48.039
142.54	56.728
143.539	58.359
144.539	54.902
145.539	24.461
146.539	49.381
147.539	59.539
148.539	60.702
149.539	58.334
150.54	33.883
151.539	32.964
152.54	60.911
153.539	67.993
154.539	61.538
155.539	29.655
156.539	39.665
157.539	60.719
158.539	65.405
159.54	59.277
160.54	28.737
161.54	42.329
162.539	61.591
163.54	62.255
164.539	58.923
165.54	23.953
166.54	44.63
167.54	58.975
168.539	66.846
169.539	58.523
170.539	34.373
171.539	32.096
172.539	57.908
173.54	53.688
174.54	58.246
175.539	35.258
176.539	30.244
177.539	60.014
178.539	58.579
179.54	59.73
180.539	39.256
181.539	32.898
182.54	49.447
183.539	57.163
184.539	57.475
185.539	34.947
186.539	35.897
187.539	56.18
188.539	56.492
189.539	58.884
190.539	37.35
191.54	29.832
192.539	50.264
193.54	59.457
194.54	57.696
195.539	29.952
196.54	36.896
197.54	56.974
198.539	60.227
199.539	58.753
200.539	37.58
201.54	32.685
202.539	60.494
203.54	59.981
204.54	59.566
205.539	38.961
206.539	30.277
207.539	58.245
208.539	60.882
209.539	58.982
210.539	37.449
211.54	6.684
212.54	27.126
213.539	56.066
214.539	58.146
215.539	41.271
216.539	31.162
217.539	57.376
218.539	56.942
219.54	61.386
220.539	26.372
221.539	30.195
222.539	40.82
223.539	35.551
224.54	47.083
225.539	39.963
226.539	39.265
227.54	60.833
228.54	39.161
229.539	34.622
230.539	40.389
231.54	28.487
232.539	51.609
233.539	59.588
234.539	56.615
235.54	42.582
236.54	29.159
237.539	56.983
238.539	60.145
239.539	60.801
240.539	49.02
241.539	31.424
242.539	42.074
243.539	57.638
244.539	62.128
245.539	50.33
246.54	19.775
247.54	51.923
248.539	57.401
249.54	53.395
250.54	35.268
251.539	24.33
252.539	50.684
253.539	43.619
254.539	23.33
255.539	36.379
256.53999999999996	29.753
257.53999999999996	58.615
258.539	56.557
259.539	42.823
260.539	32.635
261.539	21.212
262.53999999999996	57.704
263.53999999999996	34.06
264.539	18.171
265.539	19.706
266.539	34.832
267.539	31.647
268.539	31.471
269.539	38.586
270.53999999999996	34.874
271.539	27.426
272.539	43.502
273.539	37.602
274.53999999999996	35.014
275.539	28.272
276.539	28.954
277.53999999999996	20.252
278.539	37.883
279.539	37.765
280.539	32.621
281.539	39.2
282.53999999999996	53.411
283.53999999999996	37.943
284.539	36.078
285.539	43.501
286.539	21.708
287.539	49.954
288.53999999999996	61.763
289.539	59.408
290.539	51.773
291.539	28.606
292.539	40.861
293.539	58.9
294.539	55.771
295.539	54.919
296.539	26.198
297.539	37.841
298.53999999999996	61.189
299.539	59.392
300.539	60.588
301.539	33.389
302.53999999999996	29.225
303.539	57.245
304.539	65.536
305.539	72.557
306.53999999999996	53.153
307.539	34.127
308.539	52.576
309.539	56.721
310.539	58.064
311.539	30.801
312.539	31.834
313.539	58.72
314.539	59.441
315.539	60.03
316.539	33.538
317.539	30.081
318.539	61.751
319.539	58.203
320.53999999999996	62.665
321.539	32.358
322.539	34.34
323.539	56.066
324.539	58.458
325.539	60.768
326.539	36.438
327.539	13.287
328.539	32.98
329.539	59.932
330.539	59.578
331.53999999999996	38.048
332.539	34.895
333.53999999999996	63.305
334.539	62.177
335.539	63.637
336.53999999999996	36.244
337.539	25.919
338.539	61.276
339.539	61.603
340.539	64.946
341.539	42.45
342.539	28.966
343.539	53.391
344.53999999999996	61.337
345.539	41.208
346.539	25.181
347.53999999999996	25.968
348.53999999999996	38.366
349.53999999999996	21.063
350.539	30.692
351.539	35.388
352.539	41.148
353.53999999999996	65.306
354.53999999999996	42.188
355.539	30.999
356.539	17.556
357.53999999999996	17.442
358.53999999999996	31.099
359.539	35.139
360.539	31.5
361.539	29.801
362.539	38.494
363.539	37.244

