0.0	0.0
0.095	4.819
1.094	8.433
2.0940000000000003	6.998
3.0940000000000003	8.047
4.095000000000001	4.587
5.094	0.0
6.094	16.049
7.094	20.67
8.094000000000001	19.302
9.094000000000001	19.616
10.094000000000001	20.155
11.094000000000001	13.296
12.094000000000001	18.397
13.094000000000001	24.178
14.094000000000001	29.523
15.094000000000001	39.293
16.094	37.189
17.095000000000002	34.564
18.094	15.701
19.094	19.605
20.094	8.929
21.094	13.372
22.094	19.087
23.094	32.872
24.094	31.421
25.094	28.965
26.094	31.899
27.095000000000002	33.958
28.095000000000002	34.354
29.094	30.523
30.094	34.696
31.095000000000002	26.959
32.094	24.644
33.094	3.437
34.095	36.877
35.095	21.955
36.094	24.35
37.094	21.435
38.094	20.131
39.094	22.443
40.094	18.526
41.094	22.344
42.094	21.952
43.094	22.887
44.094	21.222
45.094	15.794
46.094	23.092
47.094	18.341
48.094	12.677
49.095	15.594
50.095	16.174
51.094	17.054
52.095	15.473
53.094	17.195
54.095	21.244
55.094	23.197
56.094	26.485
57.095	25.98
58.094	26.902
59.094	26.297
60.095	24.307
61.094	26.476
62.094	26.285
63.094	25.627
64.094	27.137
65.094	29.511
66.094	28.965
67.094	23.693
68.094	25.718
69.094	26.968
70.094	23.509
71.095	17.53
72.094	24.503
73.095	28.912
74.094	36.565
75.094	36.838
76.094	34.696
77.094	35.465
78.094	28.456
79.094	33.193
80.094	35.458
81.095	34.709
82.094	36.129
83.094	32.097
84.094	38.691
85.094	36.425
86.094	27.908
87.094	20.075
88.095	32.407
89.095	46.207
90.094	54.368
91.094	54.365
92.094	41.986
93.094	30.093
94.095	39.475
95.094	43.291
96.095	26.364
97.095	3.655
98.095	4.475
99.095	43.861
100.094	29.122
101.094	25.035
102.094	26.688
103.095	25.134
104.094	23.649
105.094	19.1
106.095	20.423
107.094	19.95
108.094	23.045
109.094	18.364
110.094	14.31
111.094	13.835
112.094	14.644
113.094	15.334
114.094	15.563
115.094	17.375
116.095	21.238
117.094	21.302
118.094	23.169
119.095	27.24
120.094	22.478
121.095	20.767
122.094	18.916
123.094	13.879
124.094	14.741
125.094	19.648
126.094	14.202
127.094	9.705
128.094	19.424
129.095	20.64
130.095	15.709
131.094	16.216
132.094	23.433
133.094	10.807
134.094	29.048
135.094	40.567
136.095	30.648
137.094	32.605
138.095	27.879
139.094	38.305
140.094	36.945
141.094	35.82
142.095	36.082
143.094	34.809
144.094	30.428
145.094	27.975
146.094	22.449
147.095	14.211
148.094	10.784
149.095	9.371
150.095	24.417
151.094	25.032
152.095	22.652
153.094	21.089
154.094	23.382
155.095	23.714
156.095	24.274
157.095	21.681
158.095	18.464
159.094	18.507
160.095	19.733
161.094	18.774
162.094	21.115
163.094	20.189
164.095	20.715
165.094	21.632
166.095	21.06
167.095	21.632
168.094	18.952
169.094	18.5
170.094	20.015
171.094	13.175
172.095	31.802
173.094	28.832
174.094	27.927
175.094	29.042
176.094	28.931
177.094	38.968
178.095	36.154
179.094	46.14
180.095	43.424
181.095	42.297
182.095	44.804
183.094	33.77
184.094	32.751
185.094	60.588
186.094	45.034
187.094	45.646
188.094	42.864
189.094	31.358
190.094	50.954
191.094	61.046
192.094	52.947
193.095	44.197
194.094	24.936
195.094	48.988
196.094	50.491
197.094	40.197
198.095	23.224
199.094	36.47
200.094	58.458
201.094	63.111
202.094	60.242
203.094	41.76
204.094	33.619
205.094	42.893
206.094	59.978
207.094	33.701
208.095	35.877
209.094	27.89
210.095	45.002
211.094	47.624
212.095	43.912
213.094	39.994
214.094	25.942
215.094	17.941
216.094	3.148
217.094	36.708
218.094	13.65
219.095	42.649
220.094	28.379
221.094	29.983
222.094	26.761
223.094	27.661
224.094	32.474
225.094	25.985
226.095	17.498
227.094	31.968
228.094	34.05
229.094	34.977
230.095	37.704
231.094	29.935
232.094	28.753
233.094	21.871
234.094	18.808
235.094	23.634
236.095	63.157
237.094	50.642
238.095	45.771
239.094	28.049
240.094	41.713
241.094	26.705
242.094	61.378
243.095	57.106
244.094	25.559
245.094	50.659
246.094	59.899
247.094	63.179
248.095	60.523
249.095	24.936
250.095	40.632
251.095	65.896
252.094	63.045
253.094	56.459
254.094	27.738
255.094	43.712
256.094	63.176
257.094	62.21
258.094	45.722
259.09499999999997	28.077
260.094	28.757
261.09499999999997	61.489
262.09499999999997	63.797
263.094	48.818
264.094	25.566
265.09499999999997	39.344
266.094	64.963
267.09499999999997	45.731
268.094	39.895
269.094	30.782
270.094	38.666
271.094	63.832
272.094	63.483
273.094	51.094
274.094	31.867
275.09499999999997	32.85
276.094	61.636
277.094	61.509
278.09499999999997	61.14
279.094	28.016
280.094	25.935
281.094	53.815
282.094	38.21
283.094	40.06
284.094	29.633
285.094	29.95
286.094	9.489
287.09499999999997	38.774
288.094	18.22
289.094	26.451
290.094	36.833
291.094	37.4
292.094	37.888
293.09499999999997	39.919
294.094	33.616
295.09499999999997	42.88
296.094	51.075
297.094	47.147
298.094	47.174
299.094	42.674
300.094	28.311
301.094	55.083
302.094	56.264
303.094	43.025
304.09499999999997	43.122
305.094	27.82
306.094	53.981
307.094	38.484
308.094	42.74
309.094	36.102
310.094	32.768
311.094	59.533
312.09499999999997	45.368
313.094	42.61
314.094	43.742
315.094	21.823
316.094	66.158
317.094	63.115
318.094	53.613
319.09499999999997	37.29
320.094	11.829
321.094	25.952
322.094	56.147
323.094	65.093
324.094	47.907
325.09499999999997	24.567
326.094	56.723
327.094	40.236
328.094	38.897
329.094	40.204
330.09499999999997	30.834
331.09499999999997	57.01
332.094	50.541
333.094	47.636
334.09499999999997	45.409
335.09499999999997	28.782
336.094	51.017
337.09499999999997	62.846
338.094	61.816
339.094	50.565
340.094	28.016
341.094	43.81
342.094	62.603
343.094	56.161
344.094	29.145
345.094	27.039
346.09499999999997	58.91
347.094	58.075
348.09499999999997	43.1
349.09499999999997	37.937
350.094	27.181
351.094	48.562
352.094	56.876
353.094	37.915
354.09499999999997	42.264
355.094	27.131
356.094	45.315
357.09499999999997	51.312
358.094	59.814
359.094	35.958
360.094	27.41
361.094	53.69
362.094	50.831
363.09499999999997	38.803
364.094	41.068
365.094	27.328
366.094	52.494
367.094	58.703
368.094	46.963
369.094	43.286
370.09499999999997	27.421
371.094	50.298
372.094	57.802
373.094	51.116
374.09499999999997	53.022
375.094	31.948
376.094	47.579
377.094	60.194
378.094	52.884
379.094	45.74
380.094	27.525
381.094	45.072
382.094	62.393
383.09499999999997	57.442
384.094	42.956
385.094	29.36
386.094	5.931
387.094	42.621
388.09499999999997	63.387
389.094	42.126
390.094	22.996
391.094	23.821
392.094	3.623
393.094	31.08
394.09499999999997	0.0
395.094	6.314
396.094	24.128
397.094	20.847
398.094	23.525
399.094	24.936
400.094	24.455
401.09499999999997	24.107
402.094	22.406
403.094	20.549
404.094	21.497
405.094	25.823
406.09499999999997	33.68
407.094	38.847
408.09499999999997	34.884
409.09499999999997	38.82
410.09499999999997	38.056
411.094	34.242
412.094	59.67
413.094	59.539
414.094	56.959
415.09499999999997	44.34
416.094	25.395
417.094	48.055
418.09499999999997	47.495
419.094	50.85
420.094	37.157
421.094	23.134
422.094	58.818
423.094	60.162
424.094	58.621
425.094	52.101
426.094	29.458
427.094	43.128
428.09499999999997	64.961
429.094	61.095
430.094	49.965
431.094	23.642
432.094	40.861
433.094	56.393
434.094	61.394
435.09499999999997	65.667
436.094	31.719
437.094	33.21
438.094	61.902
439.09499999999997	61.222
440.094	61.177
441.094	36.663
442.09499999999997	31.98
443.094	62.357
444.094	60.719
445.094	64.749
446.094	37.907
447.09499999999997	35.687
448.094	54.471
449.09499999999997	60.751
450.09499999999997	60.555
451.09499999999997	37.589
452.094	32.473
453.094	60.391
454.094	63.637
455.09499999999997	64.469
456.094	48.169
457.09499999999997	27.585
458.094	52.068
459.094	62.062
460.094	61.006
461.09499999999997	30.161
462.09499999999997	28.54
463.09499999999997	52.506
464.094	32.703
465.094	30.041
466.09499999999997	25.807
467.09499999999997	17.093
468.094	23.145
469.094	37.999
470.094	24.267
471.094	16.476
472.09499999999997	7.576
473.094	40.789
474.09499999999997	18.804
475.094	17.971
476.094	16.755
477.094	12.478
478.09499999999997	11.631
479.094	10.839
480.094	27.189
481.094	17.912

