0.0	1.934
0.432	0.0
1.432	5.667
2.431	5.359
3.431	3.231
4.432	3.483
5.432	8.506
6.431	11.927
7.431	12.142
8.431000000000001	16.364
9.431000000000001	20.91
10.431000000000001	21.168
11.431000000000001	22.516
12.431000000000001	25.806
13.431000000000001	23.083
14.431000000000001	24.147
15.432	25.043
16.431	25.288
17.431	25.144
18.432000000000002	22.982
19.431	23.185
20.431	25.812
21.432000000000002	24.277
22.431	24.328
23.431	23.868
24.432000000000002	25.451
25.431	9.548
26.432000000000002	23.589
27.432000000000002	33.884
28.431	21.557
29.431	20.773
30.432000000000002	19.708
31.431	19.454
32.431	11.742
33.431999999999995	11.689
34.431999999999995	15.663
35.431	9.889
36.431999999999995	9.942
37.431	19.16
38.431999999999995	8.533
39.431	7.356
40.431	18.163
41.431	10.443
42.431999999999995	8.329
43.431	0.0
44.431	0.0
45.431	11.646
46.431	17.157
47.431	14.935
48.431	20.685
49.431999999999995	26.609
50.431	20.629
51.431	17.721
52.431999999999995	18.514
53.431	21.275
54.431999999999995	16.76
55.431	21.893
56.431	25.301
57.431999999999995	14.353
58.431999999999995	30.015
59.431999999999995	41.285
60.431999999999995	38.131
61.431	44.322
62.431999999999995	25.814
63.431	58.671
64.431	45.199
65.432	40.952
66.431	48.309
67.431	32.797
68.431	42.958
69.431	38.267
70.431	34.508
71.431	36.17
72.431	25.181
73.432	37.754
74.431	30.13
75.431	33.43
76.431	33.561
77.431	33.261
78.431	39.989
79.432	32.599
80.431	33.388
81.431	25.272
82.431	24.564
83.431	42.879
84.431	35.462
85.431	28.319
86.431	34.374
87.431	20.423
88.431	30.962
89.432	27.084
90.431	33.036
91.432	22.673
92.431	20.206
93.431	23.566
94.431	22.88
95.431	19.68
96.432	26.21
97.432	22.247
98.432	18.753
99.432	12.133
100.431	33.948
101.431	41.507
102.431	31.607
103.432	43.093
104.432	39.225
105.431	39.068
106.432	35.214
107.431	34.872
108.432	27.437
109.431	54.667
110.432	61.567
111.431	62.098
112.432	53.784
113.433	26.693
114.43100000000001	42.729
115.43100000000001	51.459
116.43200000000002	60.025
117.43100000000001	49.593
118.433	41.945
119.43100000000001	38.551
120.43100000000001	38.267
121.43100000000001	23.913
122.43100000000001	32.362
123.43100000000001	25.194
124.43100000000001	21.43
125.43100000000001	51.314
126.43100000000001	46.304
127.43200000000002	39.033
128.43200000000002	33.366
129.43200000000002	40.796
130.43200000000002	59.008
131.431	51.91
132.431	57.988
133.431	30.28
134.43200000000002	32.193
135.431	59.021
136.43200000000002	63.535
137.431	59.047
138.431	40.632
139.431	28.54
140.431	55.345
141.431	63.012
142.431	63.7
143.431	38.496
144.43200000000002	39.328
145.431	53.313
146.431	61.738
147.43200000000002	62.633
148.431	40.796
149.431	33.193
150.431	52.625
151.431	62.57
152.431	59.572
153.431	44.487
154.43200000000002	37.404
155.43200000000002	56.351
156.431	59.179
157.431	60.686
158.431	45.748
159.431	28.512
160.43200000000002	45.593
161.431	55.386
162.431	44.556
163.43200000000002	37.255
164.43200000000002	36.012
165.43200000000002	52.723
166.43200000000002	49.083
167.43200000000002	48.021
168.431	38.596

