0.0	1.814
1.0	1.677
2.0	1.419
3.0	1.29
4.0	1.547
5.0	1.581
6.0	1.635
7.0	1.783
8.0	1.304
9.0	1.444
10.0	0.051
11.0	0.63
12.0	0.269
13.0	1.073
14.0	0.18
15.0	1.037
16.0	0.361
17.0	0.525
18.0	0.582
19.0	0.406
20.0	18.38
21.0	17.506
22.0	17.615
23.0	13.972
24.0	19.929
25.0	15.598
26.0	14.127
27.0	17.465
28.0	19.527
29.0	19.517
30.0	0.729
31.0	0.732
32.0	0.537
33.0	0.242
34.0	0.821
35.0	0.841
36.0	0.437
37.0	0.679
38.0	0.77
39.0	0.269
40.0	14.102
41.0	17.212
42.0	10.293
43.0	19.637
44.0	17.381
45.0	16.436
46.0	16.183
47.0	18.815
48.0	14.329
49.0	19.13
50.0	3.937
51.0	2.479
52.0	3.771
53.0	3.892
54.0	2.106
55.0	2.106
56.0	3.549
57.0	3.703
58.0	2.785
59.0	3.071
60.0	1.672
61.0	1.43
62.0	1.749
63.0	1.911
64.0	1.88
65.0	1.914
66.0	1.683
67.0	1.706
68.0	1.318
69.0	1.435
70.0	7.73
71.0	7.15
72.0	8.097
73.0	4.639
74.0	7.507
75.0	5.208
76.0	6.182
77.0	8.434
78.0	5.754
79.0	6.467
80.0	0.01
81.0	0.01
82.0	0.01
83.0	0.01
84.0	0.01
85.0	0.01
86.0	0.01
87.0	0.01
88.0	0.01
89.0	0.01
90.0	6.476
91.0	6.963
92.0	7.451
93.0	6.046
94.0	8.657
95.0	4.583
96.0	7.024
97.0	7.309
98.0	4.15
99.0	5.367
100.0	3.376
101.0	2.817
102.0	3.044
103.0	2.384
104.0	3.736
105.0	3.92
106.0	2.171
107.0	2.878
108.0	3.958
109.0	3.087
110.0	3.161
111.0	2.177
112.0	2.854
113.0	3.971
114.0	3.534
115.0	3.561
116.0	3.694
117.0	2.601
118.0	2.635
119.0	2.771
120.0	0.01
121.0	0.01
122.0	0.01
123.0	0.01
124.0	0.01
125.0	0.01
126.0	0.01
127.0	0.01
128.0	0.01
129.0	0.01
130.0	3.659
131.0	3.821
132.0	3.297
133.0	3.295
134.0	2.249
135.0	3.81
136.0	2.293
137.0	2.847
138.0	3.091
139.0	3.309
140.0	3.008
141.0	2.598
142.0	3.237
143.0	3.517
144.0	2.736
145.0	3.014
146.0	2.626
147.0	3.345
148.0	3.709
149.0	2.703
150.0	0.849
151.0	1.159
152.0	1.169
153.0	1.019
154.0	0.579
155.0	1.082
156.0	0.546
157.0	0.647
158.0	0.236
159.0	1.189
160.0	6.206
161.0	6.241
162.0	8.907
163.0	6.782
164.0	4.979
165.0	7.268
166.0	4.304
167.0	5.385
168.0	9.364
169.0	7.033
170.0	0.988
171.0	1.032
172.0	0.008
173.0	0.105
174.0	1.037
175.0	1.03
176.0	0.226
177.0	0.241
178.0	0.474
179.0	0.766
180.0	0.01
181.0	0.01
182.0	0.01
183.0	0.01
184.0	0.01
185.0	0.01
186.0	0.01
187.0	0.01
188.0	0.01
189.0	0.01

