0.0	0.424
1.0	0.14
2.0	0.223
3.0	0.044
4.0	0.467
5.0	0.105
6.0	0.01
7.0	0.877
8.0	0.041
9.0	0.656
10.0	15.151
11.0	17.482
12.0	12.678
13.0	16.771
14.0	13.038
15.0	12.228
16.0	16.364
17.0	18.108
18.0	11.565
19.0	13.134
20.0	0.01
21.0	0.01
22.0	0.01
23.0	0.01
24.0	0.01
25.0	0.01
26.0	0.01
27.0	0.01
28.0	0.01
29.0	0.01
30.0	1.985
31.0	1.829
32.0	1.689
33.0	1.485
34.0	1.696
35.0	1.781
36.0	1.997
37.0	1.849
38.0	1.384
39.0	1.428
40.0	3.361
41.0	3.739
42.0	2.412
43.0	3.009
44.0	3.525
45.0	3.446
46.0	3.575
47.0	3.277
48.0	3.238
49.0	3.522
50.0	0.01
51.0	0.01
52.0	0.01
53.0	0.01
54.0	0.01
55.0	0.01
56.0	0.01
57.0	0.01
58.0	0.01
59.0	0.01
60.0	3.646
61.0	2.963
62.0	2.113
63.0	3.848
64.0	3.418
65.0	2.313
66.0	3.054
67.0	3.241
68.0	3.77
69.0	2.733
70.0	8.802
71.0	6.709
72.0	5.159
73.0	6.574
74.0	9.335
75.0	6.802
76.0	4.408
77.0	6.819
78.0	4.699
79.0	6.891
80.0	10.63
81.0	10.958
82.0	13.146
83.0	19.946
84.0	15.333
85.0	18.791
86.0	13.383
87.0	12.656
88.0	18.645
89.0	12.325
90.0	1.281
91.0	1.276
92.0	1.727
93.0	1.92
94.0	1.409
95.0	1.203
96.0	1.893
97.0	1.833
98.0	1.591
99.0	1.556
100.0	0.01
101.0	0.01
102.0	0.01
103.0	0.01
104.0	0.01
105.0	0.01
106.0	0.01
107.0	0.01
108.0	0.01
109.0	0.01
110.0	2.728
111.0	3.191
112.0	2.909
113.0	2.817
114.0	3.334
115.0	2.917
116.0	2.363
117.0	2.393
118.0	2.705
119.0	2.364
120.0	0.01
121.0	0.01
122.0	0.01
123.0	0.01
124.0	0.01
125.0	0.01
126.0	0.01
127.0	0.01
128.0	0.01
129.0	0.01
130.0	4.619
131.0	7.643
132.0	9.222
133.0	7.725
134.0	4.174
135.0	9.973
136.0	7.61
137.0	8.875
138.0	4.594
139.0	5.494
140.0	9.627
141.0	9.634
142.0	7.811
143.0	7.668
144.0	7.25
145.0	9.519
146.0	7.17
147.0	6.55
148.0	8.808
149.0	4.332
150.0	19.147
151.0	15.46
152.0	17.246
153.0	14.189
154.0	18.491
155.0	18.804
156.0	18.822
157.0	10.952
158.0	19.577
159.0	16.757
160.0	1.403
161.0	1.678
162.0	1.793
163.0	1.814
164.0	1.283
165.0	1.227
166.0	1.215
167.0	1.699
168.0	1.862
169.0	1.523
170.0	0.01
171.0	0.01
172.0	0.01
173.0	0.01
174.0	0.01
175.0	0.01
176.0	0.01
177.0	0.01
178.0	0.01
179.0	0.01
180.0	5.969
181.0	9.383
182.0	8.197
183.0	7.235
184.0	5.472
185.0	9.44
186.0	4.684
187.0	5.768
188.0	8.809
189.0	5.816

