0.0	1.524
1.0	1.761
2.0	1.284
3.0	1.741
4.0	1.944
5.0	1.534
6.0	1.748
7.0	1.943
8.0	1.945
9.0	1.547
10.0	1.255
11.0	1.274
12.0	1.381
13.0	1.28
14.0	1.597
15.0	1.462
16.0	1.62
17.0	1.415
18.0	1.866
19.0	1.618
20.0	6.057
21.0	9.375
22.0	9.671
23.0	5.294
24.0	9.094
25.0	4.231
26.0	6.701
27.0	6.096
28.0	5.133
29.0	4.647
30.0	2.275
31.0	2.131
32.0	2.667
33.0	2.936
34.0	3.156
35.0	3.099
36.0	2.077
37.0	2.518
38.0	3.819
39.0	3.543
40.0	15.147
41.0	11.633
42.0	10.291
43.0	17.544
44.0	17.923
45.0	12.718
46.0	19.275
47.0	10.936
48.0	16.596
49.0	10.95
50.0	3.953
51.0	3.262
52.0	2.23
53.0	2.07
54.0	2.273
55.0	3.59
56.0	3.677
57.0	3.49
58.0	2.778
59.0	2.53
60.0	7.726
61.0	4.781
62.0	9.915
63.0	7.988
64.0	5.187
65.0	9.812
66.0	8.726
67.0	6.767
68.0	4.663
69.0	5.549
70.0	12.025
71.0	18.831
72.0	14.484
73.0	13.15
74.0	13.958
75.0	19.7
76.0	10.489
77.0	18.923
78.0	19.785
79.0	12.308
80.0	0.01
81.0	0.01
82.0	0.01
83.0	0.01
84.0	0.01
85.0	0.01
86.0	0.01
87.0	0.01
88.0	0.01
89.0	0.01
90.0	0.039
91.0	0.127
92.0	0.331
93.0	0.115
94.0	0.645
95.0	0.08
96.0	0.097
97.0	0.274
98.0	0.257
99.0	0.868
100.0	7.144
101.0	4.448
102.0	8.665
103.0	9.985
104.0	5.122
105.0	9.505
106.0	9.51
107.0	5.986
108.0	4.945
109.0	7.161
110.0	0.644
111.0	0.515
112.0	0.05
113.0	0.085
114.0	0.012
115.0	0.936
116.0	0.617
117.0	0.568
118.0	1.012
119.0	0.102
120.0	0.01
121.0	0.01
122.0	0.01
123.0	0.01
124.0	0.01
125.0	0.01
126.0	0.01
127.0	0.01
128.0	0.01
129.0	0.01
130.0	17.536
131.0	14.982
132.0	16.148
133.0	15.734
134.0	12.163
135.0	12.57
136.0	17.027
137.0	15.156
138.0	13.23
139.0	13.747
140.0	3.578
141.0	3.214
142.0	3.809
143.0	2.342
144.0	3.994
145.0	3.297
146.0	2.342
147.0	2.061
148.0	3.317
149.0	3.484
150.0	0.01
151.0	0.01
152.0	0.01
153.0	0.01
154.0	0.01
155.0	0.01
156.0	0.01
157.0	0.01
158.0	0.01
159.0	0.01
160.0	0.01
161.0	0.01
162.0	0.01
163.0	0.01
164.0	0.01
165.0	0.01
166.0	0.01
167.0	0.01
168.0	0.01
169.0	0.01
170.0	2.288
171.0	2.279
172.0	2.058
173.0	2.48
174.0	2.579
175.0	2.058
176.0	2.98
177.0	3.498
178.0	3.37
179.0	3.038
180.0	0.455
181.0	0.395
182.0	0.832
183.0	0.31
184.0	0.4
185.0	0.702
186.0	0.635
187.0	1.195
188.0	0.627
189.0	0.342

