0.0	7.287
1.0	6.313
2.0	5.411
3.0	5.898
4.0	9.893
5.0	4.153
6.0	5.114
7.0	7.276
8.0	8.081
9.0	5.056
10.0	0.01
11.0	0.01
12.0	0.01
13.0	0.01
14.0	0.01
15.0	0.01
16.0	0.01
17.0	0.01
18.0	0.01
19.0	0.01
20.0	0.01
21.0	0.01
22.0	0.01
23.0	0.01
24.0	0.01
25.0	0.01
26.0	0.01
27.0	0.01
28.0	0.01
29.0	0.01
30.0	1.355
31.0	1.31
32.0	1.706
33.0	1.839
34.0	1.597
35.0	1.207
36.0	1.886
37.0	1.425
38.0	1.779
39.0	1.435
40.0	8.009
41.0	6.536
42.0	5.822
43.0	8.698
44.0	4.139
45.0	9.194
46.0	8.767
47.0	6.79
48.0	6.957
49.0	4.019
50.0	3.555
51.0	3.006
52.0	2.307
53.0	2.848
54.0	2.905
55.0	3.704
56.0	2.979
57.0	2.512
58.0	3.74
59.0	3.618
60.0	10.84
61.0	16.47
62.0	10.979
63.0	17.27
64.0	18.715
65.0	10.216
66.0	11.879
67.0	10.524
68.0	17.941
69.0	11.821
70.0	5.874
71.0	7.834
72.0	8.233
73.0	5.373
74.0	5.465
75.0	9.247
76.0	8.478
77.0	9.291
78.0	5.289
79.0	6.945
80.0	0.01
81.0	0.01
82.0	0.01
83.0	0.01
84.0	0.01
85.0	0.01
86.0	0.01
87.0	0.01
88.0	0.01
89.0	0.01
90.0	1.765
91.0	1.993
92.0	1.84
93.0	1.681
94.0	1.546
95.0	1.562
96.0	1.327
97.0	1.556
98.0	1.956
99.0	1.612
100.0	0.01
101.0	0.01
102.0	0.01
103.0	0.01
104.0	0.01
105.0	0.01
106.0	0.01
107.0	0.01
108.0	0.01
109.0	0.01
110.0	0.834
111.0	0.255
112.0	0.789
113.0	1.017
114.0	0.985
115.0	0.122
116.0	0.538
117.0	0.583
118.0	0.77
119.0	0.22
120.0	0.01
121.0	0.01
122.0	0.01
123.0	0.01
124.0	0.01
125.0	0.01
126.0	0.01
127.0	0.01
128.0	0.01
129.0	0.01
130.0	7.559
131.0	7.633
132.0	4.673
133.0	4.041
134.0	4.333
135.0	9.496
136.0	9.555
137.0	4.216
138.0	4.934
139.0	4.528
140.0	0.653
141.0	0.206
142.0	0.986
143.0	0.941
144.0	0.442
145.0	0.157
146.0	0.746
147.0	0.981
148.0	0.377
149.0	0.904
150.0	14.51
151.0	15.923
152.0	18.155
153.0	11.15
154.0	11.295
155.0	14.404
156.0	17.38
157.0	14.918
158.0	11.931
159.0	12.979
160.0	0.01
161.0	0.01
162.0	0.01
163.0	0.01
164.0	0.01
165.0	0.01
166.0	0.01
167.0	0.01
168.0	0.01
169.0	0.01
170.0	0.01
171.0	0.01
172.0	0.01
173.0	0.01
174.0	0.01
175.0	0.01
176.0	0.01
177.0	0.01
178.0	0.01
179.0	0.01
180.0	17.407
181.0	19.653
182.0	14.753
183.0	18.263
184.0	14.553
185.0	19.309
186.0	10.555
187.0	11.055
188.0	15.504
189.0	12.139

