0.0	2.237
1.0	2.521
2.0	2.259
3.0	3.774
4.0	3.828
5.0	2.645
6.0	2.431
7.0	3.359
8.0	3.3
9.0	3.875
10.0	0.01
11.0	0.01
12.0	0.01
13.0	0.01
14.0	0.01
15.0	0.01
16.0	0.01
17.0	0.01
18.0	0.01
19.0	0.01
20.0	0.048
21.0	1.136
22.0	0.323
23.0	0.759
24.0	0.245
25.0	0.549
26.0	0.401
27.0	0.635
28.0	0.691
29.0	0.429
30.0	0.01
31.0	0.01
32.0	0.01
33.0	0.01
34.0	0.01
35.0	0.01
36.0	0.01
37.0	0.01
38.0	0.01
39.0	0.01
40.0	1.281
41.0	1.262
42.0	1.82
43.0	1.334
44.0	1.653
45.0	1.975
46.0	1.442
47.0	1.232
48.0	1.707
49.0	1.315
50.0	1.56
51.0	1.949
52.0	1.639
53.0	1.796
54.0	1.787
55.0	1.209
56.0	1.315
57.0	1.833
58.0	1.308
59.0	1.346
60.0	1.993
61.0	1.585
62.0	1.543
63.0	1.293
64.0	1.249
65.0	1.955
66.0	1.565
67.0	1.691
68.0	1.492
69.0	1.812
70.0	5.307
71.0	8.615
72.0	6.964
73.0	9.775
74.0	5.016
75.0	5.606
76.0	6.994
77.0	8.676
78.0	7.842
79.0	4.127
80.0	9.845
81.0	7.207
82.0	4.369
83.0	9.156
84.0	5.8
85.0	5.093
86.0	9.996
87.0	7.309
88.0	6.414
89.0	6.741
90.0	0.01
91.0	0.01
92.0	0.01
93.0	0.01
94.0	0.01
95.0	0.01
96.0	0.01
97.0	0.01
98.0	0.01
99.0	0.01
100.0	2.666
101.0	3.558
102.0	2.413
103.0	3.597
104.0	2.908
105.0	3.225
106.0	3.474
107.0	2.737
108.0	3.661
109.0	2.178
110.0	1.37
111.0	1.415
112.0	1.348
113.0	1.921
114.0	1.665
115.0	1.729
116.0	1.567
117.0	1.533
118.0	1.3
119.0	1.775
120.0	1.556
121.0	1.988
122.0	1.698
123.0	1.504
124.0	1.534
125.0	1.559
126.0	1.723
127.0	1.911
128.0	1.26
129.0	1.852
130.0	13.061
131.0	13.257
132.0	10.143
133.0	11.95
134.0	10.178
135.0	12.401
136.0	12.658
137.0	16.263
138.0	12.477
139.0	18.797
140.0	16.981
141.0	15.686
142.0	17.865
143.0	18.255
144.0	12.1
145.0	10.64
146.0	13.28
147.0	12.77
148.0	14.222
149.0	17.588
150.0	7.22
151.0	6.233
152.0	4.997
153.0	7.677
154.0	5.761
155.0	5.101
156.0	4.657
157.0	6.536
158.0	7.478
159.0	4.659
160.0	19.37
161.0	14.412
162.0	16.078
163.0	12.19
164.0	13.265
165.0	16.395
166.0	14.374
167.0	13.177
168.0	12.001
169.0	19.418
170.0	18.672
171.0	11.349
172.0	12.05
173.0	15.275
174.0	10.395
175.0	18.552
176.0	14.55
177.0	12.409
178.0	12.721
179.0	13.386
180.0	3.051
181.0	2.736
182.0	2.74
183.0	3.851
184.0	2.067
185.0	3.335
186.0	3.17
187.0	3.61
188.0	2.868
189.0	3.114

