0.0	1.789
1.0	1.288
2.0	1.924
3.0	1.754
4.0	1.205
5.0	1.253
6.0	1.887
7.0	1.471
8.0	1.758
9.0	1.927
10.0	0.268
11.0	0.965
12.0	0.912
13.0	0.425
14.0	0.695
15.0	0.86
16.0	1.2
17.0	0.063
18.0	0.485
19.0	0.312
20.0	1.353
21.0	1.875
22.0	1.329
23.0	1.671
24.0	1.69
25.0	1.982
26.0	1.248
27.0	1.715
28.0	1.68
29.0	1.311
30.0	1.874
31.0	1.542
32.0	1.929
33.0	1.554
34.0	1.822
35.0	1.311
36.0	1.217
37.0	1.261
38.0	1.928
39.0	1.264
40.0	0.01
41.0	0.01
42.0	0.01
43.0	0.01
44.0	0.01
45.0	0.01
46.0	0.01
47.0	0.01
48.0	0.01
49.0	0.01
50.0	1.214
51.0	1.304
52.0	1.64
53.0	1.713
54.0	1.808
55.0	1.329
56.0	1.831
57.0	1.966
58.0	1.711
59.0	1.972
60.0	0.01
61.0	0.01
62.0	0.01
63.0	0.01
64.0	0.01
65.0	0.01
66.0	0.01
67.0	0.01
68.0	0.01
69.0	0.01
70.0	8.204
71.0	4.189
72.0	8.913
73.0	7.947
74.0	7.932
75.0	7.318
76.0	8.262
77.0	4.374
78.0	9.349
79.0	6.106
80.0	0.01
81.0	0.01
82.0	0.01
83.0	0.01
84.0	0.01
85.0	0.01
86.0	0.01
87.0	0.01
88.0	0.01
89.0	0.01
90.0	2.618
91.0	2.815
92.0	2.384
93.0	2.307
94.0	3.977
95.0	2.062
96.0	3.785
97.0	3.984
98.0	2.789
99.0	2.323
100.0	1.457
101.0	1.343
102.0	1.628
103.0	1.94
104.0	1.277
105.0	1.752
106.0	1.512
107.0	1.564
108.0	1.362
109.0	1.549
110.0	0.01
111.0	0.01
112.0	0.01
113.0	0.01
114.0	0.01
115.0	0.01
116.0	0.01
117.0	0.01
118.0	0.01
119.0	0.01
120.0	0.998
121.0	0.066
122.0	0.353
123.0	1.084
124.0	1.048
125.0	1.158
126.0	0.943
127.0	0.244
128.0	0.87
129.0	0.336
130.0	8.967
131.0	5.275
132.0	6.972
133.0	7.464
134.0	4.838
135.0	5.029
136.0	6.127
137.0	8.359
138.0	9.488
139.0	9.353
140.0	0.01
141.0	0.01
142.0	0.01
143.0	0.01
144.0	0.01
145.0	0.01
146.0	0.01
147.0	0.01
148.0	0.01
149.0	0.01
150.0	3.684
151.0	3.533
152.0	2.426
153.0	3.054
154.0	2.231
155.0	2.751
156.0	3.108
157.0	2.846
158.0	3.706
159.0	2.401
160.0	12.823
161.0	14.396
162.0	17.012
163.0	10.599
164.0	10.621
165.0	13.022
166.0	15.586
167.0	13.708
168.0	16.363
169.0	17.621
170.0	1.869
171.0	1.748
172.0	1.981
173.0	1.826
174.0	1.985
175.0	1.339
176.0	1.69
177.0	1.945
178.0	1.288
179.0	1.703
180.0	3.87
181.0	3.274
182.0	3.59
183.0	3.958
184.0	3.979
185.0	3.097
186.0	2.547
187.0	3.424
188.0	3.631
189.0	3.717

