0.0	17.973
1.0	18.702
2.0	18.781
3.0	16.667
4.0	10.261
5.0	11.156
6.0	19.125
7.0	15.274
8.0	11.55
9.0	15.546
10.0	2.028
11.0	2.818
12.0	2.346
13.0	3.632
14.0	3.428
15.0	2.442
16.0	2.496
17.0	3.988
18.0	3.035
19.0	3.181
20.0	1.662
21.0	1.633
22.0	1.883
23.0	1.59
24.0	1.374
25.0	1.781
26.0	1.622
27.0	1.466
28.0	1.859
29.0	1.969
30.0	5.87
31.0	7.882
32.0	4.921
33.0	6.692
34.0	7.405
35.0	4.142
36.0	6.19
37.0	9.579
38.0	5.285
39.0	6.259
40.0	0.01
41.0	0.01
42.0	0.01
43.0	0.01
44.0	0.01
45.0	0.01
46.0	0.01
47.0	0.01
48.0	0.01
49.0	0.01
50.0	2.437
51.0	3.545
52.0	2.404
53.0	2.141
54.0	3.957
55.0	3.75
56.0	3.22
57.0	2.25
58.0	3.724
59.0	2.517
60.0	0.01
61.0	0.01
62.0	0.01
63.0	0.01
64.0	0.01
65.0	0.01
66.0	0.01
67.0	0.01
68.0	0.01
69.0	0.01
70.0	14.279
71.0	18.516
72.0	17.112
73.0	19.36
74.0	15.368
75.0	11.492
76.0	15.914
77.0	14.405
78.0	15.757
79.0	11.384
80.0	3.639
81.0	2.637
82.0	2.944
83.0	2.61
84.0	2.534
85.0	3.782
86.0	3.534
87.0	2.24
88.0	3.25
89.0	2.553
90.0	19.372
91.0	11.307
92.0	17.878
93.0	17.218
94.0	19.242
95.0	14.529
96.0	10.808
97.0	15.649
98.0	10.669
99.0	19.865
100.0	1.443
101.0	1.749
102.0	1.608
103.0	1.691
104.0	1.982
105.0	1.216
106.0	1.636
107.0	1.47
108.0	1.9
109.0	1.437
110.0	0.01
111.0	0.01
112.0	0.01
113.0	0.01
114.0	0.01
115.0	0.01
116.0	0.01
117.0	0.01
118.0	0.01
119.0	0.01
120.0	2.784
121.0	3.531
122.0	3.65
123.0	3.87
124.0	3.424
125.0	3.331
126.0	2.162
127.0	2.038
128.0	2.075
129.0	3.601
130.0	2.973
131.0	2.962
132.0	2.256
133.0	3.279
134.0	3.283
135.0	2.515
136.0	2.835
137.0	2.926
138.0	2.265
139.0	2.024
140.0	3.614
141.0	2.839
142.0	3.816
143.0	2.697
144.0	3.292
145.0	3.438
146.0	2.448
147.0	2.676
148.0	3.954
149.0	2.371
150.0	0.01
151.0	0.01
152.0	0.01
153.0	0.01
154.0	0.01
155.0	0.01
156.0	0.01
157.0	0.01
158.0	0.01
159.0	0.01
160.0	2.108
161.0	2.183
162.0	2.603
163.0	2.731
164.0	3.729
165.0	2.362
166.0	3.088
167.0	2.026
168.0	3.775
169.0	3.029
170.0	1.21
171.0	1.37
172.0	1.578
173.0	1.891
174.0	1.669
175.0	1.803
176.0	1.603
177.0	1.548
178.0	1.731
179.0	1.318
180.0	7.139
181.0	8.3
182.0	6.999
183.0	5.851
184.0	5.985
185.0	9.966
186.0	4.967
187.0	4.194
188.0	4.232
189.0	6.944

