0.0	0.038
1.0	0.902
2.0	1.171
3.0	0.691
4.0	0.791
5.0	0.98
6.0	0.536
7.0	1.011
8.0	0.701
9.0	1.16
10.0	3.926
11.0	2.059
12.0	3.772
13.0	3.102
14.0	3.863
15.0	3.953
16.0	3.612
17.0	2.672
18.0	2.809
19.0	2.125
20.0	3.593
21.0	2.192
22.0	2.412
23.0	2.292
24.0	3.408
25.0	3.345
26.0	2.577
27.0	3.206
28.0	3.031
29.0	3.991
30.0	0.01
31.0	0.01
32.0	0.01
33.0	0.01
34.0	0.01
35.0	0.01
36.0	0.01
37.0	0.01
38.0	0.01
39.0	0.01
40.0	0.01
41.0	0.01
42.0	0.01
43.0	0.01
44.0	0.01
45.0	0.01
46.0	0.01
47.0	0.01
48.0	0.01
49.0	0.01
50.0	2.37
51.0	2.685
52.0	3.014
53.0	3.779
54.0	3.509
55.0	3.133
56.0	2.27
57.0	2.652
58.0	2.065
59.0	3.332
60.0	1.192
61.0	0.709
62.0	0.395
63.0	0.539
64.0	0.326
65.0	0.704
66.0	1.158
67.0	1.014
68.0	0.397
69.0	0.383
70.0	5.876
71.0	4.341
72.0	6.747
73.0	7.194
74.0	8.289
75.0	9.636
76.0	8.684
77.0	8.451
78.0	8.391
79.0	7.398
80.0	1.478
81.0	1.387
82.0	1.88
83.0	1.599
84.0	1.523
85.0	1.982
86.0	1.747
87.0	1.862
88.0	1.491
89.0	1.478
90.0	6.147
91.0	9.556
92.0	6.035
93.0	4.244
94.0	7.811
95.0	4.165
96.0	5.654
97.0	7.688
98.0	5.607
99.0	8.123
100.0	0.149
101.0	0.937
102.0	1.044
103.0	0.311
104.0	1.118
105.0	0.851
106.0	0.062
107.0	0.284
108.0	0.712
109.0	0.075
110.0	2.717
111.0	2.726
112.0	3.63
113.0	2.026
114.0	3.222
115.0	2.774
116.0	2.888
117.0	3.632
118.0	3.873
119.0	3.192
120.0	0.435
121.0	1.121
122.0	0.299
123.0	0.874
124.0	0.686
125.0	0.429
126.0	0.151
127.0	0.781
128.0	0.359
129.0	0.423
130.0	1.93
131.0	1.805
132.0	1.8
133.0	1.815
134.0	1.575
135.0	1.292
136.0	1.872
137.0	1.432
138.0	1.627
139.0	1.23
140.0	1.544
141.0	1.709
142.0	1.318
143.0	1.523
144.0	1.552
145.0	1.708
146.0	1.957
147.0	1.955
148.0	1.942
149.0	1.647
150.0	0.171
151.0	0.287
152.0	0.629
153.0	0.238
154.0	0.686
155.0	1.135
156.0	1.124
157.0	0.092
158.0	0.169
159.0	0.252
160.0	1.274
161.0	1.6
162.0	1.882
163.0	1.251
164.0	1.247
165.0	1.862
166.0	1.208
167.0	1.232
168.0	1.838
169.0	1.746
170.0	7.709
171.0	6.876
172.0	6.483
173.0	9.083
174.0	5.182
175.0	8.94
176.0	8.807
177.0	4.853
178.0	9.982
179.0	9.828
180.0	3.503
181.0	2.629
182.0	3.037
183.0	2.098
184.0	3.803
185.0	3.368
186.0	2.074
187.0	2.441
188.0	2.248
189.0	3.226

