0.0	0.723
1.0	0.68
2.0	0.467
3.0	0.197
4.0	0.534
5.0	0.291
6.0	0.825
7.0	0.738
8.0	0.572
9.0	0.448
10.0	1.998
11.0	1.641
12.0	1.686
13.0	1.655
14.0	1.235
15.0	1.615
16.0	1.669
17.0	1.407
18.0	1.75
19.0	1.711
20.0	0.01
21.0	0.01
22.0	0.01
23.0	0.01
24.0	0.01
25.0	0.01
26.0	0.01
27.0	0.01
28.0	0.01
29.0	0.01
30.0	1.773
31.0	1.785
32.0	1.571
33.0	1.456
34.0	1.726
35.0	1.429
36.0	1.626
37.0	1.321
38.0	1.415
39.0	1.722
40.0	0.154
41.0	0.671
42.0	0.379
43.0	1.184
44.0	1.109
45.0	0.198
46.0	0.668
47.0	0.551
48.0	0.954
49.0	0.883
50.0	19.322
51.0	13.94
52.0	10.37
53.0	19.344
54.0	17.493
55.0	18.057
56.0	13.95
57.0	17.427
58.0	13.341
59.0	17.063
60.0	1.592
61.0	1.49
62.0	1.767
63.0	1.839
64.0	1.906
65.0	1.909
66.0	1.546
67.0	1.274
68.0	1.693
69.0	1.704
70.0	10.103
71.0	13.906
72.0	13.202
73.0	15.315
74.0	15.565
75.0	14.995
76.0	14.841
77.0	15.07
78.0	10.019
79.0	17.055
80.0	0.279
81.0	0.39
82.0	0.38
83.0	0.354
84.0	1.009
85.0	0.866
86.0	0.919
87.0	0.661
88.0	0.348
89.0	0.084
90.0	1.736
91.0	1.424
92.0	1.291
93.0	1.666
94.0	1.333
95.0	1.675
96.0	1.427
97.0	1.353
98.0	1.779
99.0	1.605
100.0	0.01
101.0	0.01
102.0	0.01
103.0	0.01
104.0	0.01
105.0	0.01
106.0	0.01
107.0	0.01
108.0	0.01
109.0	0.01
110.0	0.01
111.0	0.01
112.0	0.01
113.0	0.01
114.0	0.01
115.0	0.01
116.0	0.01
117.0	0.01
118.0	0.01
119.0	0.01
120.0	5.776
121.0	6.069
122.0	4.373
123.0	4.562
124.0	4.322
125.0	9.054
126.0	8.856
127.0	9.815
128.0	4.025
129.0	6.403
130.0	8.34
131.0	5.544
132.0	5.985
133.0	8.615
134.0	5.272
135.0	6.971
136.0	6.357
137.0	5.971
138.0	9.603
139.0	4.863
140.0	0.01
141.0	0.01
142.0	0.01
143.0	0.01
144.0	0.01
145.0	0.01
146.0	0.01
147.0	0.01
148.0	0.01
149.0	0.01
150.0	2.714
151.0	3.176
152.0	2.608
153.0	2.14
154.0	3.793
155.0	3.214
156.0	2.178
157.0	2.885
158.0	3.885
159.0	2.707
160.0	1.061
161.0	0.754
162.0	0.991
163.0	0.017
164.0	0.892
165.0	0.423
166.0	0.385
167.0	0.299
168.0	0.664
169.0	0.217
170.0	1.806
171.0	1.62
172.0	1.654
173.0	1.243
174.0	1.348
175.0	1.464
176.0	1.206
177.0	1.814
178.0	1.33
179.0	1.735
180.0	9.243
181.0	7.182
182.0	5.013
183.0	8.128
184.0	4.294
185.0	8.717
186.0	7.888
187.0	7.114
188.0	8.551
189.0	4.638

