0.0	8.951
1.0	7.518
2.0	8.853
3.0	4.434
4.0	7.439
5.0	9.993
6.0	9.573
7.0	5.084
8.0	6.596
9.0	5.709
10.0	1.225
11.0	1.543
12.0	1.879
13.0	1.413
14.0	1.424
15.0	1.995
16.0	1.691
17.0	1.653
18.0	1.568
19.0	1.563
20.0	0.223
21.0	0.033
22.0	1.194
23.0	0.872
24.0	0.873
25.0	0.719
26.0	1.071
27.0	0.353
28.0	0.107
29.0	0.495
30.0	1.322
31.0	1.76
32.0	1.87
33.0	1.324
34.0	1.64
35.0	1.756
36.0	1.304
37.0	1.269
38.0	1.975
39.0	1.973
40.0	2.718
41.0	2.138
42.0	2.667
43.0	3.603
44.0	2.894
45.0	2.33
46.0	2.767
47.0	2.498
48.0	3.636
49.0	2.89
50.0	0.077
51.0	0.813
52.0	0.467
53.0	0.215
54.0	1.195
55.0	0.383
56.0	0.793
57.0	0.69
58.0	1.2
59.0	0.16
60.0	5.351
61.0	6.343
62.0	4.006
63.0	4.882
64.0	6.05
65.0	7.041
66.0	9.686
67.0	5.541
68.0	9.825
69.0	8.795
70.0	19.362
71.0	18.105
72.0	19.508
73.0	14.14
74.0	17.947
75.0	19.227
76.0	10.043
77.0	10.65
78.0	17.823
79.0	12.643
80.0	0.01
81.0	0.01
82.0	0.01
83.0	0.01
84.0	0.01
85.0	0.01
86.0	0.01
87.0	0.01
88.0	0.01
89.0	0.01
90.0	8.016
91.0	5.286
92.0	5.871
93.0	7.569
94.0	4.167
95.0	4.901
96.0	8.372
97.0	8.827
98.0	4.95
99.0	6.651
100.0	18.321
101.0	10.559
102.0	10.846
103.0	11.265
104.0	13.1
105.0	15.645
106.0	12.78
107.0	13.082
108.0	19.876
109.0	15.853
110.0	6.035
111.0	6.344
112.0	9.208
113.0	9.536
114.0	9.434
115.0	7.969
116.0	8.64
117.0	5.972
118.0	7.184
119.0	9.37
120.0	4.45
121.0	9.242
122.0	7.01
123.0	6.731
124.0	5.316
125.0	6.217
126.0	7.653
127.0	6.51
128.0	7.621
129.0	6.285
130.0	16.661
131.0	18.734
132.0	12.389
133.0	13.505
134.0	10.491
135.0	13.834
136.0	13.06
137.0	14.317
138.0	10.509
139.0	13.764
140.0	12.277
141.0	14.111
142.0	18.159
143.0	13.521
144.0	10.137
145.0	14.613
146.0	10.431
147.0	12.248
148.0	13.883
149.0	18.762
150.0	5.061
151.0	7.071
152.0	8.72
153.0	7.005
154.0	6.574
155.0	6.621
156.0	6.126
157.0	8.491
158.0	5.503
159.0	6.433
160.0	15.747
161.0	17.294
162.0	16.819
163.0	14.302
164.0	11.122
165.0	12.512
166.0	12.611
167.0	13.656
168.0	10.459
169.0	12.578
170.0	0.01
171.0	0.01
172.0	0.01
173.0	0.01
174.0	0.01
175.0	0.01
176.0	0.01
177.0	0.01
178.0	0.01
179.0	0.01
180.0	16.397
181.0	15.801
182.0	15.558
183.0	14.494
184.0	15.736
185.0	19.245
186.0	17.142
187.0	14.704
188.0	12.102
189.0	19.968

