0.0	9.689
1.0	5.139
2.0	6.282
3.0	4.442
4.0	5.528
5.0	9.662
6.0	6.069
7.0	7.294
8.0	7.294
9.0	5.864
10.0	0.98
11.0	0.187
12.0	0.719
13.0	0.588
14.0	0.948
15.0	0.803
16.0	0.99
17.0	1.018
18.0	0.733
19.0	0.331
20.0	3.472
21.0	3.998
22.0	3.434
23.0	3.174
24.0	3.66
25.0	3.868
26.0	3.466
27.0	3.272
28.0	2.403
29.0	3.28
30.0	0.01
31.0	0.01
32.0	0.01
33.0	0.01
34.0	0.01
35.0	0.01
36.0	0.01
37.0	0.01
38.0	0.01
39.0	0.01
40.0	1.357
41.0	1.269
42.0	1.98
43.0	1.425
44.0	1.655
45.0	1.773
46.0	1.396
47.0	1.807
48.0	1.447
49.0	1.638
50.0	0.01
51.0	0.01
52.0	0.01
53.0	0.01
54.0	0.01
55.0	0.01
56.0	0.01
57.0	0.01
58.0	0.01
59.0	0.01
60.0	1.319
61.0	1.751
62.0	1.278
63.0	1.256
64.0	1.786
65.0	1.468
66.0	1.753
67.0	1.958
68.0	1.407
69.0	1.764
70.0	9.051
71.0	6.842
72.0	8.254
73.0	8.079
74.0	6.068
75.0	4.337
76.0	5.066
77.0	7.294
78.0	9.822
79.0	8.679
80.0	18.393
81.0	12.297
82.0	10.15
83.0	14.145
84.0	13.893
85.0	17.665
86.0	10.518
87.0	12.779
88.0	10.361
89.0	11.447
90.0	6.623
91.0	7.082
92.0	5.227
93.0	7.42
94.0	4.499
95.0	6.791
96.0	5.761
97.0	6.655
98.0	6.229
99.0	4.347
100.0	0.598
101.0	0.514
102.0	0.109
103.0	0.854
104.0	0.716
105.0	0.211
106.0	0.704
107.0	0.506
108.0	0.577
109.0	0.174
110.0	1.458
111.0	1.524
112.0	1.851
113.0	1.257
114.0	1.326
115.0	1.699
116.0	1.756
117.0	1.55
118.0	1.414
119.0	1.564
120.0	0.01
121.0	0.01
122.0	0.01
123.0	0.01
124.0	0.01
125.0	0.01
126.0	0.01
127.0	0.01
128.0	0.01
129.0	0.01
130.0	0.01
131.0	0.01
132.0	0.01
133.0	0.01
134.0	0.01
135.0	0.01
136.0	0.01
137.0	0.01
138.0	0.01
139.0	0.01
140.0	0.01
141.0	0.01
142.0	0.01
143.0	0.01
144.0	0.01
145.0	0.01
146.0	0.01
147.0	0.01
148.0	0.01
149.0	0.01
150.0	0.01
151.0	0.01
152.0	0.01
153.0	0.01
154.0	0.01
155.0	0.01
156.0	0.01
157.0	0.01
158.0	0.01
159.0	0.01
160.0	0.521
161.0	0.267
162.0	0.44
163.0	0.435
164.0	1.042
165.0	0.957
166.0	1.147
167.0	0.34
168.0	0.158
169.0	1.165
170.0	9.375
171.0	9.706
172.0	5.088
173.0	7.76
174.0	7.051
175.0	5.094
176.0	4.103
177.0	4.168
178.0	6.14
179.0	5.879
180.0	2.177
181.0	3.871
182.0	2.01
183.0	2.91
184.0	3.25
185.0	3.239
186.0	3.789
187.0	2.312
188.0	3.199
189.0	2.26

