0.0	9.939
1.0	4.847
2.0	4.39
3.0	5.648
4.0	9.131
5.0	9.799
6.0	5.479
7.0	7.919
8.0	5.148
9.0	7.656
10.0	0.706
11.0	0.284
12.0	0.35
13.0	0.36
14.0	0.436
15.0	1.166
16.0	0.886
17.0	0.906
18.0	0.668
19.0	0.203
20.0	16.524
21.0	14.197
22.0	16.303
23.0	10.526
24.0	13.356
25.0	18.698
26.0	14.808
27.0	16.867
28.0	18.084
29.0	18.558
30.0	1.064
31.0	0.27
32.0	1.079
33.0	0.56
34.0	1.077
35.0	0.563
36.0	0.499
37.0	0.581
38.0	0.609
39.0	0.749
40.0	3.98
41.0	2.661
42.0	3.757
43.0	3.96
44.0	3.468
45.0	2.365
46.0	2.677
47.0	3.473
48.0	2.904
49.0	2.959
50.0	3.662
51.0	2.386
52.0	3.758
53.0	2.462
54.0	3.701
55.0	3.811
56.0	2.129
57.0	3.841
58.0	3.644
59.0	2.048
60.0	2.391
61.0	2.67
62.0	2.891
63.0	2.115
64.0	3.497
65.0	3.628
66.0	2.219
67.0	2.642
68.0	3.177
69.0	2.562
70.0	0.01
71.0	0.01
72.0	0.01
73.0	0.01
74.0	0.01
75.0	0.01
76.0	0.01
77.0	0.01
78.0	0.01
79.0	0.01
80.0	3.335
81.0	2.692
82.0	3.227
83.0	2.747
84.0	2.644
85.0	2.904
86.0	2.39
87.0	2.63
88.0	3.835
89.0	3.355
90.0	3.694
91.0	3.073
92.0	3.394
93.0	2.87
94.0	3.986
95.0	2.04
96.0	2.169
97.0	3.703
98.0	3.999
99.0	2.604
100.0	6.021
101.0	7.685
102.0	9.58
103.0	9.166
104.0	8.229
105.0	8.536
106.0	7.668
107.0	5.431
108.0	9.709
109.0	4.461
110.0	13.274
111.0	12.881
112.0	17.832
113.0	15.167
114.0	10.427
115.0	15.414
116.0	10.546
117.0	15.184
118.0	10.891
119.0	13.208
120.0	2.468
121.0	3.777
122.0	3.176
123.0	3.868
124.0	3.485
125.0	3.851
126.0	3.244
127.0	2.164
128.0	2.864
129.0	3.044
130.0	17.962
131.0	19.461
132.0	12.81
133.0	18.375
134.0	15.471
135.0	18.707
136.0	10.115
137.0	11.564
138.0	14.389
139.0	14.715
140.0	0.035
141.0	0.377
142.0	0.985
143.0	0.091
144.0	0.381
145.0	1.161
146.0	0.915
147.0	0.837
148.0	1.114
149.0	0.4
150.0	3.201
151.0	2.25
152.0	3.217
153.0	2.41
154.0	3.443
155.0	2.463
156.0	2.45
157.0	2.791
158.0	3.405
159.0	3.545
160.0	0.921
161.0	0.048
162.0	0.287
163.0	0.227
164.0	0.734
165.0	0.242
166.0	0.498
167.0	0.211
168.0	0.756
169.0	1.002
170.0	4.715
171.0	4.848
172.0	5.527
173.0	6.19
174.0	5.264
175.0	7.131
176.0	4.533
177.0	5.239
178.0	5.062
179.0	9.93
180.0	1.548
181.0	1.462
182.0	1.349
183.0	1.658
184.0	1.86
185.0	1.711
186.0	1.924
187.0	1.214
188.0	1.69
189.0	1.729

