0.0	3.212
1.0	3.051
2.0	3.271
3.0	2.135
4.0	3.39
5.0	3.211
6.0	2.577
7.0	3.078
8.0	2.104
9.0	3.392
10.0	1.175
11.0	1.118
12.0	1.158
13.0	0.572
14.0	0.493
15.0	0.671
16.0	0.4
17.0	0.183
18.0	0.489
19.0	0.331
20.0	0.986
21.0	0.503
22.0	0.645
23.0	0.329
24.0	0.29
25.0	0.413
26.0	0.483
27.0	0.824
28.0	0.791
29.0	0.45
30.0	8.724
31.0	9.092
32.0	9.036
33.0	4.652
34.0	8.165
35.0	9.522
36.0	5.131
37.0	7.127
38.0	8.376
39.0	6.602
40.0	0.01
41.0	0.01
42.0	0.01
43.0	0.01
44.0	0.01
45.0	0.01
46.0	0.01
47.0	0.01
48.0	0.01
49.0	0.01
50.0	0.64
51.0	0.311
52.0	0.657
53.0	0.252
54.0	0.301
55.0	0.929
56.0	0.004
57.0	0.087
58.0	0.184
59.0	0.818
60.0	0.118
61.0	1.122
62.0	1.114
63.0	0.463
64.0	1.166
65.0	0.179
66.0	0.219
67.0	0.705
68.0	0.483
69.0	0.715
70.0	0.931
71.0	0.018
72.0	1.085
73.0	0.925
74.0	0.94
75.0	0.511
76.0	0.122
77.0	1.108
78.0	1.061
79.0	0.582
80.0	0.144
81.0	0.521
82.0	0.439
83.0	0.077
84.0	0.243
85.0	0.08
86.0	0.119
87.0	0.636
88.0	1.116
89.0	0.808
90.0	13.673
91.0	13.381
92.0	14.449
93.0	15.846
94.0	12.195
95.0	16.895
96.0	15.22
97.0	17.762
98.0	12.54
99.0	15.002
100.0	1.33
101.0	1.743
102.0	1.422
103.0	1.894
104.0	1.441
105.0	1.806
106.0	1.674
107.0	1.64
108.0	1.476
109.0	1.914
110.0	0.141
111.0	0.406
112.0	0.962
113.0	0.03
114.0	0.559
115.0	0.415
116.0	0.593
117.0	1.177
118.0	0.294
119.0	0.514
120.0	10.015
121.0	10.272
122.0	16.637
123.0	13.892
124.0	10.811
125.0	10.524
126.0	18.924
127.0	15.537
128.0	14.749
129.0	19.612
130.0	2.453
131.0	3.622
132.0	3.087
133.0	3.797
134.0	3.338
135.0	2.388
136.0	2.492
137.0	3.861
138.0	2.118
139.0	2.679
140.0	3.019
141.0	3.862
142.0	3.83
143.0	3.558
144.0	3.874
145.0	3.531
146.0	2.167
147.0	2.628
148.0	3.356
149.0	3.196
150.0	1.789
151.0	1.636
152.0	1.396
153.0	1.365
154.0	1.348
155.0	1.601
156.0	1.659
157.0	1.549
158.0	1.337
159.0	1.558
160.0	0.01
161.0	0.01
162.0	0.01
163.0	0.01
164.0	0.01
165.0	0.01
166.0	0.01
167.0	0.01
168.0	0.01
169.0	0.01
170.0	0.01
171.0	0.01
172.0	0.01
173.0	0.01
174.0	0.01
175.0	0.01
176.0	0.01
177.0	0.01
178.0	0.01
179.0	0.01
180.0	2.298
181.0	2.085
182.0	2.688
183.0	3.634
184.0	3.337
185.0	2.719
186.0	3.829
187.0	3.069
188.0	2.78
189.0	3.721

