0.0	1.301
1.0	1.61
2.0	1.389
3.0	1.238
4.0	1.586
5.0	1.992
6.0	1.789
7.0	1.265
8.0	1.446
9.0	1.954
10.0	5.495
11.0	5.95
12.0	8.624
13.0	6.91
14.0	9.904
15.0	4.482
16.0	7.196
17.0	7.384
18.0	8.885
19.0	8.481
20.0	0.01
21.0	0.01
22.0	0.01
23.0	0.01
24.0	0.01
25.0	0.01
26.0	0.01
27.0	0.01
28.0	0.01
29.0	0.01
30.0	1.254
31.0	1.684
32.0	1.734
33.0	1.406
34.0	1.395
35.0	1.805
36.0	1.826
37.0	1.266
38.0	1.776
39.0	1.901
40.0	4.167
41.0	8.919
42.0	6.776
43.0	8.063
44.0	9.819
45.0	8.185
46.0	7.504
47.0	6.76
48.0	8.206
49.0	6.915
50.0	3.269
51.0	3.847
52.0	3.773
53.0	2.369
54.0	2.736
55.0	3.554
56.0	2.704
57.0	3.421
58.0	3.379
59.0	2.488
60.0	14.469
61.0	14.985
62.0	14.778
63.0	17.049
64.0	11.487
65.0	14.39
66.0	10.331
67.0	13.206
68.0	18.244
69.0	17.415
70.0	0.254
71.0	0.555
72.0	0.59
73.0	0.289
74.0	0.887
75.0	0.328
76.0	0.643
77.0	0.689
78.0	0.616
79.0	0.887
80.0	1.246
81.0	1.784
82.0	1.269
83.0	1.301
84.0	1.794
85.0	1.738
86.0	1.539
87.0	1.803
88.0	1.621
89.0	1.918
90.0	6.982
91.0	9.006
92.0	5.103
93.0	7.113
94.0	6.456
95.0	8.835
96.0	9.95
97.0	9.272
98.0	8.389
99.0	8.322
100.0	3.018
101.0	3.061
102.0	3.483
103.0	2.648
104.0	2.845
105.0	3.082
106.0	2.419
107.0	2.03
108.0	2.837
109.0	3.69
110.0	0.491
111.0	0.0
112.0	0.389
113.0	0.871
114.0	1.152
115.0	0.098
116.0	0.898
117.0	0.769
118.0	0.426
119.0	0.312
120.0	5.023
121.0	6.089
122.0	8.005
123.0	8.283
124.0	5.89
125.0	4.634
126.0	9.703
127.0	4.261
128.0	4.734
129.0	7.16
130.0	7.917
131.0	5.749
132.0	4.913
133.0	7.211
134.0	8.033
135.0	9.658
136.0	4.416
137.0	6.465
138.0	5.887
139.0	5.816
140.0	0.374
141.0	0.316
142.0	1.199
143.0	0.537
144.0	0.425
145.0	0.148
146.0	0.001
147.0	0.85
148.0	0.815
149.0	1.024
150.0	14.648
151.0	16.943
152.0	17.428
153.0	14.83
154.0	13.65
155.0	18.31
156.0	15.956
157.0	11.541
158.0	16.366
159.0	10.362
160.0	0.01
161.0	0.01
162.0	0.01
163.0	0.01
164.0	0.01
165.0	0.01
166.0	0.01
167.0	0.01
168.0	0.01
169.0	0.01
170.0	0.01
171.0	0.01
172.0	0.01
173.0	0.01
174.0	0.01
175.0	0.01
176.0	0.01
177.0	0.01
178.0	0.01
179.0	0.01
180.0	2.286
181.0	3.055
182.0	2.956
183.0	2.721
184.0	2.268
185.0	2.819
186.0	2.34
187.0	2.311
188.0	3.422
189.0	2.706

