0.0	0.239
1.0	0.192
2.0	1.055
3.0	0.734
4.0	0.964
5.0	0.448
6.0	0.81
7.0	0.117
8.0	0.513
9.0	0.066
10.0	17.815
11.0	15.31
12.0	16.162
13.0	11.352
14.0	13.225
15.0	12.401
16.0	14.858
17.0	13.091
18.0	10.775
19.0	12.525
20.0	18.815
21.0	14.381
22.0	13.828
23.0	11.494
24.0	18.919
25.0	10.784
26.0	16.642
27.0	11.881
28.0	16.779
29.0	16.809
30.0	0.01
31.0	0.01
32.0	0.01
33.0	0.01
34.0	0.01
35.0	0.01
36.0	0.01
37.0	0.01
38.0	0.01
39.0	0.01
40.0	1.314
41.0	1.814
42.0	1.978
43.0	1.554
44.0	1.456
45.0	1.509
46.0	1.304
47.0	1.585
48.0	1.989
49.0	1.444
50.0	19.916
51.0	16.683
52.0	16.373
53.0	17.286
54.0	14.39
55.0	19.211
56.0	13.219
57.0	19.165
58.0	11.653
59.0	13.439
60.0	14.121
61.0	11.706
62.0	16.717
63.0	18.388
64.0	13.685
65.0	15.567
66.0	18.6
67.0	13.323
68.0	14.787
69.0	10.801
70.0	16.235
71.0	11.57
72.0	15.626
73.0	11.21
74.0	17.017
75.0	16.832
76.0	11.376
77.0	14.027
78.0	18.862
79.0	18.741
80.0	0.58
81.0	0.882
82.0	0.821
83.0	0.531
84.0	0.159
85.0	1.162
86.0	0.671
87.0	0.192
88.0	0.777
89.0	0.752
90.0	12.231
91.0	16.57
92.0	18.82
93.0	14.697
94.0	14.697
95.0	15.716
96.0	18.655
97.0	19.359
98.0	18.564
99.0	15.101
100.0	1.952
101.0	1.538
102.0	1.693
103.0	1.606
104.0	1.527
105.0	1.36
106.0	1.58
107.0	1.988
108.0	1.229
109.0	1.359
110.0	1.637
111.0	1.507
112.0	1.962
113.0	1.467
114.0	1.896
115.0	1.684
116.0	1.381
117.0	1.873
118.0	1.884
119.0	1.619
120.0	8.695
121.0	7.077
122.0	4.948
123.0	7.858
124.0	9.579
125.0	5.697
126.0	8.077
127.0	4.553
128.0	5.022
129.0	5.902
130.0	0.298
131.0	1.13
132.0	0.098
133.0	0.618
134.0	0.31
135.0	0.521
136.0	0.706
137.0	0.587
138.0	0.009
139.0	0.743
140.0	19.768
141.0	19.31
142.0	14.899
143.0	15.86
144.0	18.312
145.0	16.05
146.0	13.8
147.0	12.082
148.0	11.3
149.0	13.785
150.0	0.01
151.0	0.01
152.0	0.01
153.0	0.01
154.0	0.01
155.0	0.01
156.0	0.01
157.0	0.01
158.0	0.01
159.0	0.01
160.0	0.23
161.0	0.262
162.0	0.353
163.0	0.955
164.0	0.433
165.0	1.039
166.0	0.036
167.0	0.194
168.0	0.994
169.0	0.625
170.0	0.505
171.0	1.108
172.0	1.094
173.0	0.249
174.0	0.581
175.0	1.13
176.0	1.17
177.0	0.864
178.0	0.493
179.0	0.055
180.0	4.92
181.0	5.425
182.0	9.669
183.0	7.417
184.0	5.565
185.0	4.027
186.0	6.317
187.0	8.515
188.0	5.406
189.0	6.07

