0.0	9.319
1.0	7.918
2.0	7.736
3.0	7.527
4.0	4.515
5.0	5.743
6.0	4.195
7.0	5.05
8.0	8.879
9.0	8.885
10.0	3.817
11.0	2.811
12.0	3.419
13.0	2.86
14.0	2.81
15.0	2.983
16.0	2.065
17.0	2.814
18.0	2.805
19.0	3.225
20.0	0.01
21.0	0.01
22.0	0.01
23.0	0.01
24.0	0.01
25.0	0.01
26.0	0.01
27.0	0.01
28.0	0.01
29.0	0.01
30.0	0.707
31.0	0.072
32.0	0.278
33.0	0.219
34.0	0.977
35.0	0.023
36.0	0.805
37.0	0.832
38.0	0.73
39.0	0.972
40.0	1.768
41.0	1.558
42.0	1.537
43.0	1.946
44.0	1.465
45.0	1.565
46.0	1.316
47.0	1.606
48.0	1.863
49.0	1.671
50.0	9.452
51.0	4.924
52.0	6.362
53.0	9.044
54.0	8.815
55.0	8.715
56.0	4.874
57.0	9.821
58.0	9.462
59.0	4.612
60.0	0.01
61.0	0.01
62.0	0.01
63.0	0.01
64.0	0.01
65.0	0.01
66.0	0.01
67.0	0.01
68.0	0.01
69.0	0.01
70.0	0.247
71.0	0.878
72.0	0.108
73.0	0.942
74.0	0.946
75.0	1.05
76.0	0.989
77.0	0.36
78.0	0.232
79.0	0.171
80.0	1.773
81.0	1.863
82.0	1.935
83.0	1.402
84.0	1.51
85.0	1.78
86.0	1.841
87.0	1.904
88.0	1.666
89.0	1.789
90.0	3.75
91.0	3.245
92.0	2.26
93.0	3.18
94.0	3.595
95.0	3.865
96.0	3.348
97.0	2.197
98.0	2.408
99.0	2.569
100.0	4.201
101.0	7.707
102.0	5.698
103.0	6.841
104.0	7.55
105.0	6.15
106.0	5.425
107.0	6.862
108.0	9.234
109.0	5.799
110.0	10.913
111.0	12.881
112.0	10.158
113.0	12.874
114.0	17.311
115.0	19.85
116.0	15.035
117.0	19.581
118.0	12.802
119.0	10.241
120.0	0.678
121.0	0.968
122.0	0.061
123.0	0.483
124.0	0.821
125.0	0.944
126.0	0.523
127.0	0.131
128.0	1.055
129.0	1.024
130.0	3.097
131.0	2.633
132.0	3.26
133.0	2.096
134.0	3.266
135.0	2.667
136.0	3.088
137.0	2.781
138.0	3.224
139.0	3.063
140.0	1.547
141.0	1.554
142.0	1.424
143.0	1.697
144.0	1.654
145.0	1.729
146.0	1.882
147.0	1.966
148.0	1.4
149.0	1.521
150.0	0.01
151.0	0.01
152.0	0.01
153.0	0.01
154.0	0.01
155.0	0.01
156.0	0.01
157.0	0.01
158.0	0.01
159.0	0.01
160.0	2.276
161.0	3.356
162.0	2.359
163.0	2.495
164.0	2.781
165.0	2.131
166.0	3.425
167.0	3.354
168.0	2.349
169.0	2.783
170.0	0.078
171.0	0.267
172.0	0.578
173.0	0.947
174.0	0.108
175.0	0.162
176.0	1.153
177.0	0.951
178.0	0.133
179.0	0.942
180.0	16.934
181.0	16.814
182.0	19.481
183.0	11.035
184.0	15.016
185.0	14.685
186.0	14.189
187.0	19.866
188.0	15.927
189.0	11.281

