0.0	14.752
1.0	17.869
2.0	11.812
3.0	10.816
4.0	16.808
5.0	10.732
6.0	17.771
7.0	14.363
8.0	16.973
9.0	14.31
10.0	0.01
11.0	0.01
12.0	0.01
13.0	0.01
14.0	0.01
15.0	0.01
16.0	0.01
17.0	0.01
18.0	0.01
19.0	0.01
20.0	3.578
21.0	3.099
22.0	3.654
23.0	2.394
24.0	3.772
25.0	2.803
26.0	2.533
27.0	3.416
28.0	2.049
29.0	3.709
30.0	8.759
31.0	7.694
32.0	5.743
33.0	8.279
34.0	5.543
35.0	5.81
36.0	9.918
37.0	5.676
38.0	7.857
39.0	7.192
40.0	0.687
41.0	0.309
42.0	0.751
43.0	0.946
44.0	1.125
45.0	1.023
46.0	0.497
47.0	1.091
48.0	0.107
49.0	0.533
50.0	1.7
51.0	1.562
52.0	1.643
53.0	1.819
54.0	1.477
55.0	1.822
56.0	1.918
57.0	1.891
58.0	1.416
59.0	1.623
60.0	1.732
61.0	1.761
62.0	1.906
63.0	1.841
64.0	1.811
65.0	1.948
66.0	1.283
67.0	1.987
68.0	1.456
69.0	1.742
70.0	19.495
71.0	16.879
72.0	17.32
73.0	14.15
74.0	16.802
75.0	11.214
76.0	18.096
77.0	16.666
78.0	15.587
79.0	11.401
80.0	4.383
81.0	8.493
82.0	4.98
83.0	5.813
84.0	8.429
85.0	7.627
86.0	7.134
87.0	5.518
88.0	9.727
89.0	7.711
90.0	2.908
91.0	2.535
92.0	3.232
93.0	2.577
94.0	3.921
95.0	2.285
96.0	2.175
97.0	2.096
98.0	2.5
99.0	2.671
100.0	3.701
101.0	3.404
102.0	2.257
103.0	3.592
104.0	3.893
105.0	2.335
106.0	2.254
107.0	2.35
108.0	2.64
109.0	2.369
110.0	0.01
111.0	0.01
112.0	0.01
113.0	0.01
114.0	0.01
115.0	0.01
116.0	0.01
117.0	0.01
118.0	0.01
119.0	0.01
120.0	1.173
121.0	0.574
122.0	0.83
123.0	0.439
124.0	0.181
125.0	0.293
126.0	0.595
127.0	1.115
128.0	1.125
129.0	0.356
130.0	6.147
131.0	6.279
132.0	7.81
133.0	8.065
134.0	5.821
135.0	4.77
136.0	5.295
137.0	6.584
138.0	8.819
139.0	5.29
140.0	0.814
141.0	0.519
142.0	0.653
143.0	0.681
144.0	0.019
145.0	0.142
146.0	0.012
147.0	0.561
148.0	1.171
149.0	0.862
150.0	0.01
151.0	0.01
152.0	0.01
153.0	0.01
154.0	0.01
155.0	0.01
156.0	0.01
157.0	0.01
158.0	0.01
159.0	0.01
160.0	0.01
161.0	0.01
162.0	0.01
163.0	0.01
164.0	0.01
165.0	0.01
166.0	0.01
167.0	0.01
168.0	0.01
169.0	0.01
170.0	15.131
171.0	19.629
172.0	16.825
173.0	17.099
174.0	14.964
175.0	14.158
176.0	16.332
177.0	13.998
178.0	11.305
179.0	17.901
180.0	9.758
181.0	6.351
182.0	5.08
183.0	7.458
184.0	9.628
185.0	7.049
186.0	4.783
187.0	8.79
188.0	5.257
189.0	6.367

