0.0	9.574
1.0	6.749
2.0	6.829
3.0	8.348
4.0	7.206
5.0	6.71
6.0	6.813
7.0	7.937
8.0	5.895
9.0	4.332
10.0	0.01
11.0	0.01
12.0	0.01
13.0	0.01
14.0	0.01
15.0	0.01
16.0	0.01
17.0	0.01
18.0	0.01
19.0	0.01
20.0	0.613
21.0	0.234
22.0	0.959
23.0	1.01
24.0	0.659
25.0	0.8
26.0	1.07
27.0	0.763
28.0	0.348
29.0	0.539
30.0	14.941
31.0	10.032
32.0	17.195
33.0	14.373
34.0	19.367
35.0	12.299
36.0	14.441
37.0	12.789
38.0	18.903
39.0	11.313
40.0	2.691
41.0	3.18
42.0	2.794
43.0	2.849
44.0	3.643
45.0	3.483
46.0	2.28
47.0	2.199
48.0	2.776
49.0	3.117
50.0	3.118
51.0	3.092
52.0	3.784
53.0	2.567
54.0	2.401
55.0	3.827
56.0	2.261
57.0	3.461
58.0	3.858
59.0	2.351
60.0	3.53
61.0	3.93
62.0	2.296
63.0	3.799
64.0	3.018
65.0	3.817
66.0	3.406
67.0	3.789
68.0	3.722
69.0	3.487
70.0	0.83
71.0	0.726
72.0	1.138
73.0	0.977
74.0	1.056
75.0	0.715
76.0	0.47
77.0	0.055
78.0	0.651
79.0	0.823
80.0	1.667
81.0	1.459
82.0	1.858
83.0	1.883
84.0	1.472
85.0	1.413
86.0	1.505
87.0	1.903
88.0	1.938
89.0	1.389
90.0	13.767
91.0	14.724
92.0	12.151
93.0	15.049
94.0	18.6
95.0	11.373
96.0	18.08
97.0	15.114
98.0	15.613
99.0	11.967
100.0	1.959
101.0	1.598
102.0	1.624
103.0	1.853
104.0	1.295
105.0	1.332
106.0	1.227
107.0	1.577
108.0	1.478
109.0	1.547
110.0	0.915
111.0	0.249
112.0	0.936
113.0	1.069
114.0	0.793
115.0	1.146
116.0	0.354
117.0	0.14
118.0	0.044
119.0	1.178
120.0	6.246
121.0	7.734
122.0	9.895
123.0	4.466
124.0	5.344
125.0	8.108
126.0	8.513
127.0	4.604
128.0	5.805
129.0	7.468
130.0	2.1
131.0	2.194
132.0	3.395
133.0	2.812
134.0	2.331
135.0	2.59
136.0	2.498
137.0	2.866
138.0	3.5
139.0	2.714
140.0	1.831
141.0	1.966
142.0	1.962
143.0	1.495
144.0	1.659
145.0	1.251
146.0	1.941
147.0	1.589
148.0	1.765
149.0	1.677
150.0	0.01
151.0	0.01
152.0	0.01
153.0	0.01
154.0	0.01
155.0	0.01
156.0	0.01
157.0	0.01
158.0	0.01
159.0	0.01
160.0	3.034
161.0	3.553
162.0	2.969
163.0	2.957
164.0	2.622
165.0	2.45
166.0	2.887
167.0	2.718
168.0	3.946
169.0	3.64
170.0	1.752
171.0	1.474
172.0	1.717
173.0	1.454
174.0	1.365
175.0	1.362
176.0	1.756
177.0	1.574
178.0	1.224
179.0	1.871
180.0	2.902
181.0	3.771
182.0	3.371
183.0	2.65
184.0	3.309
185.0	2.658
186.0	3.239
187.0	2.113
188.0	3.656
189.0	2.383

