0.0	1.245
1.0	1.25
2.0	1.313
3.0	1.766
4.0	1.227
5.0	1.506
6.0	1.551
7.0	1.34
8.0	1.503
9.0	1.303
10.0	15.475
11.0	18.339
12.0	15.524
13.0	15.197
14.0	10.634
15.0	10.667
16.0	12.452
17.0	19.746
18.0	17.866
19.0	15.251
20.0	1.351
21.0	1.628
22.0	1.265
23.0	1.679
24.0	1.593
25.0	1.885
26.0	1.949
27.0	1.369
28.0	1.626
29.0	1.372
30.0	0.01
31.0	0.01
32.0	0.01
33.0	0.01
34.0	0.01
35.0	0.01
36.0	0.01
37.0	0.01
38.0	0.01
39.0	0.01
40.0	18.622
41.0	14.503
42.0	10.414
43.0	13.184
44.0	19.766
45.0	15.347
46.0	19.933
47.0	11.221
48.0	17.626
49.0	10.036
50.0	3.499
51.0	2.237
52.0	3.222
53.0	2.717
54.0	3.623
55.0	2.968
56.0	3.081
57.0	3.692
58.0	2.095
59.0	2.379
60.0	4.69
61.0	8.983
62.0	7.524
63.0	5.592
64.0	5.024
65.0	9.422
66.0	4.738
67.0	8.807
68.0	5.033
69.0	8.551
70.0	5.393
71.0	6.567
72.0	5.658
73.0	8.036
74.0	9.726
75.0	5.7
76.0	5.839
77.0	8.123
78.0	5.088
79.0	8.65
80.0	1.674
81.0	1.364
82.0	1.844
83.0	1.764
84.0	1.994
85.0	1.62
86.0	1.881
87.0	1.711
88.0	1.859
89.0	1.992
90.0	3.37
91.0	3.432
92.0	2.866
93.0	3.998
94.0	2.701
95.0	3.945
96.0	3.353
97.0	3.199
98.0	2.668
99.0	2.579
100.0	3.313
101.0	3.281
102.0	3.931
103.0	2.024
104.0	3.976
105.0	2.493
106.0	3.136
107.0	2.519
108.0	3.136
109.0	3.332
110.0	1.865
111.0	1.59
112.0	1.452
113.0	1.932
114.0	1.518
115.0	1.398
116.0	1.395
117.0	1.943
118.0	1.364
119.0	1.331
120.0	3.622
121.0	3.992
122.0	3.744
123.0	3.63
124.0	3.915
125.0	2.302
126.0	2.328
127.0	3.428
128.0	3.759
129.0	3.115
130.0	0.01
131.0	0.01
132.0	0.01
133.0	0.01
134.0	0.01
135.0	0.01
136.0	0.01
137.0	0.01
138.0	0.01
139.0	0.01
140.0	0.01
141.0	0.01
142.0	0.01
143.0	0.01
144.0	0.01
145.0	0.01
146.0	0.01
147.0	0.01
148.0	0.01
149.0	0.01
150.0	0.902
151.0	1.112
152.0	0.914
153.0	0.852
154.0	0.001
155.0	0.782
156.0	0.171
157.0	0.573
158.0	0.59
159.0	0.691
160.0	7.349
161.0	8.753
162.0	8.558
163.0	7.862
164.0	7.695
165.0	5.361
166.0	4.384
167.0	7.981
168.0	5.689
169.0	5.872
170.0	5.969
171.0	4.383
172.0	4.046
173.0	9.937
174.0	6.549
175.0	9.23
176.0	5.927
177.0	9.77
178.0	7.215
179.0	4.578
180.0	2.922
181.0	2.958
182.0	3.619
183.0	3.994
184.0	3.316
185.0	3.758
186.0	3.078
187.0	3.411
188.0	3.042
189.0	2.008

