0.0	16.157
1.0	13.983
2.0	16.838
3.0	13.989
4.0	19.697
5.0	19.087
6.0	16.649
7.0	13.99
8.0	12.503
9.0	11.446
10.0	1.603
11.0	1.349
12.0	1.274
13.0	1.538
14.0	1.463
15.0	1.849
16.0	1.975
17.0	1.523
18.0	1.834
19.0	1.496
20.0	14.505
21.0	17.448
22.0	18.763
23.0	14.289
24.0	10.409
25.0	14.952
26.0	15.809
27.0	17.721
28.0	18.788
29.0	10.677
30.0	0.01
31.0	0.01
32.0	0.01
33.0	0.01
34.0	0.01
35.0	0.01
36.0	0.01
37.0	0.01
38.0	0.01
39.0	0.01
40.0	1.881
41.0	1.815
42.0	1.498
43.0	1.453
44.0	1.506
45.0	1.919
46.0	1.799
47.0	1.205
48.0	1.755
49.0	1.642
50.0	6.739
51.0	8.873
52.0	4.985
53.0	6.843
54.0	9.185
55.0	8.982
56.0	6.843
57.0	5.299
58.0	6.498
59.0	4.768
60.0	12.879
61.0	12.011
62.0	15.376
63.0	18.413
64.0	11.688
65.0	14.988
66.0	14.871
67.0	15.017
68.0	18.134
69.0	15.469
70.0	0.01
71.0	0.01
72.0	0.01
73.0	0.01
74.0	0.01
75.0	0.01
76.0	0.01
77.0	0.01
78.0	0.01
79.0	0.01
80.0	3.438
81.0	3.5
82.0	2.365
83.0	2.526
84.0	2.064
85.0	2.601
86.0	2.826
87.0	2.229
88.0	3.268
89.0	3.064
90.0	3.467
91.0	2.463
92.0	2.373
93.0	2.979
94.0	2.933
95.0	3.702
96.0	3.216
97.0	2.06
98.0	2.104
99.0	2.918
100.0	1.975
101.0	1.942
102.0	1.819
103.0	1.267
104.0	1.268
105.0	1.512
106.0	1.753
107.0	1.585
108.0	1.899
109.0	1.3
110.0	1.27
111.0	1.902
112.0	1.873
113.0	1.825
114.0	1.704
115.0	1.444
116.0	1.557
117.0	1.599
118.0	1.647
119.0	1.708
120.0	2.618
121.0	2.656
122.0	3.335
123.0	2.483
124.0	3.958
125.0	2.169
126.0	3.467
127.0	3.363
128.0	2.252
129.0	3.671
130.0	14.083
131.0	19.585
132.0	13.453
133.0	14.738
134.0	14.856
135.0	13.573
136.0	12.821
137.0	10.022
138.0	18.453
139.0	18.656
140.0	1.16
141.0	0.512
142.0	0.81
143.0	0.736
144.0	1.173
145.0	0.955
146.0	0.941
147.0	0.668
148.0	0.113
149.0	0.782
150.0	2.138
151.0	2.626
152.0	3.927
153.0	2.85
154.0	3.642
155.0	3.969
156.0	2.432
157.0	3.867
158.0	2.817
159.0	2.106
160.0	11.205
161.0	12.975
162.0	16.639
163.0	17.247
164.0	18.445
165.0	19.888
166.0	10.419
167.0	10.195
168.0	17.015
169.0	10.381
170.0	17.826
171.0	12.579
172.0	19.931
173.0	14.661
174.0	12.12
175.0	12.827
176.0	10.332
177.0	14.693
178.0	15.973
179.0	17.82
180.0	3.413
181.0	3.029
182.0	3.448
183.0	2.633
184.0	3.228
185.0	2.665
186.0	3.068
187.0	3.702
188.0	2.39
189.0	2.974

