0.0	1.513
1.0	1.55
2.0	1.631
3.0	1.528
4.0	1.412
5.0	1.227
6.0	1.636
7.0	1.645
8.0	1.241
9.0	1.285
10.0	14.757
11.0	16.461
12.0	10.88
13.0	12.637
14.0	15.252
15.0	17.372
16.0	18.639
17.0	14.443
18.0	16.022
19.0	16.623
20.0	7.847
21.0	6.747
22.0	9.435
23.0	9.41
24.0	9.064
25.0	6.882
26.0	7.506
27.0	8.703
28.0	7.013
29.0	6.004
30.0	0.778
31.0	0.644
32.0	0.848
33.0	1.037
34.0	0.755
35.0	0.658
36.0	0.994
37.0	0.467
38.0	0.935
39.0	0.635
40.0	15.198
41.0	16.058
42.0	16.59
43.0	14.281
44.0	16.713
45.0	18.718
46.0	10.135
47.0	19.286
48.0	14.3
49.0	17.775
50.0	3.864
51.0	2.741
52.0	2.828
53.0	3.372
54.0	2.801
55.0	2.546
56.0	3.055
57.0	3.717
58.0	2.955
59.0	2.035
60.0	13.23
61.0	14.987
62.0	19.956
63.0	10.087
64.0	11.922
65.0	15.252
66.0	12.022
67.0	18.26
68.0	13.682
69.0	18.581
70.0	0.01
71.0	0.01
72.0	0.01
73.0	0.01
74.0	0.01
75.0	0.01
76.0	0.01
77.0	0.01
78.0	0.01
79.0	0.01
80.0	1.555
81.0	1.544
82.0	1.708
83.0	1.371
84.0	1.321
85.0	1.366
86.0	1.295
87.0	1.302
88.0	1.225
89.0	1.513
90.0	2.708
91.0	3.576
92.0	3.138
93.0	3.657
94.0	3.222
95.0	3.263
96.0	2.35
97.0	3.26
98.0	3.2
99.0	2.882
100.0	13.453
101.0	11.114
102.0	19.536
103.0	12.862
104.0	11.958
105.0	11.187
106.0	18.941
107.0	18.653
108.0	13.534
109.0	12.622
110.0	6.947
111.0	7.382
112.0	7.241
113.0	5.299
114.0	4.136
115.0	6.954
116.0	5.478
117.0	9.279
118.0	8.078
119.0	9.885
120.0	0.01
121.0	0.01
122.0	0.01
123.0	0.01
124.0	0.01
125.0	0.01
126.0	0.01
127.0	0.01
128.0	0.01
129.0	0.01
130.0	2.606
131.0	3.577
132.0	3.677
133.0	3.233
134.0	2.106
135.0	3.721
136.0	3.295
137.0	3.394
138.0	2.335
139.0	2.262
140.0	1.066
141.0	0.431
142.0	0.09
143.0	0.301
144.0	0.732
145.0	0.247
146.0	1.06
147.0	0.869
148.0	0.646
149.0	0.519
150.0	0.01
151.0	0.01
152.0	0.01
153.0	0.01
154.0	0.01
155.0	0.01
156.0	0.01
157.0	0.01
158.0	0.01
159.0	0.01
160.0	0.589
161.0	1.136
162.0	0.493
163.0	0.056
164.0	0.272
165.0	0.463
166.0	0.662
167.0	0.646
168.0	0.403
169.0	1.065
170.0	1.377
171.0	1.47
172.0	1.67
173.0	1.465
174.0	1.47
175.0	1.252
176.0	1.603
177.0	1.411
178.0	1.7
179.0	1.597
180.0	5.63
181.0	7.842
182.0	4.342
183.0	8.912
184.0	6.366
185.0	5.574
186.0	6.364
187.0	4.42
188.0	7.325
189.0	8.049

