0.0	7.329
1.0	8.653
2.0	6.651
3.0	9.192
4.0	4.239
5.0	6.046
6.0	8.934
7.0	9.25
8.0	7.359
9.0	6.452
10.0	9.302
11.0	4.933
12.0	8.011
13.0	7.507
14.0	6.138
15.0	9.696
16.0	6.43
17.0	5.189
18.0	8.025
19.0	6.558
20.0	0.01
21.0	0.01
22.0	0.01
23.0	0.01
24.0	0.01
25.0	0.01
26.0	0.01
27.0	0.01
28.0	0.01
29.0	0.01
30.0	1.802
31.0	1.371
32.0	1.348
33.0	1.972
34.0	1.881
35.0	1.251
36.0	1.491
37.0	1.449
38.0	1.208
39.0	1.706
40.0	9.231
41.0	9.117
42.0	6.43
43.0	8.645
44.0	8.226
45.0	7.96
46.0	6.464
47.0	7.267
48.0	4.459
49.0	7.746
50.0	3.91
51.0	2.486
52.0	2.085
53.0	2.508
54.0	3.76
55.0	3.533
56.0	2.021
57.0	2.028
58.0	3.855
59.0	3.983
60.0	1.664
61.0	1.431
62.0	1.884
63.0	1.87
64.0	1.593
65.0	1.362
66.0	1.297
67.0	1.745
68.0	1.53
69.0	1.782
70.0	2.574
71.0	2.874
72.0	3.425
73.0	2.74
74.0	3.679
75.0	2.454
76.0	3.759
77.0	2.74
78.0	2.707
79.0	3.407
80.0	1.816
81.0	1.881
82.0	1.621
83.0	1.788
84.0	1.903
85.0	1.511
86.0	1.29
87.0	1.328
88.0	1.506
89.0	1.665
90.0	0.01
91.0	0.01
92.0	0.01
93.0	0.01
94.0	0.01
95.0	0.01
96.0	0.01
97.0	0.01
98.0	0.01
99.0	0.01
100.0	3.325
101.0	2.581
102.0	3.834
103.0	3.13
104.0	3.902
105.0	3.093
106.0	3.003
107.0	3.17
108.0	3.333
109.0	2.789
110.0	0.01
111.0	0.01
112.0	0.01
113.0	0.01
114.0	0.01
115.0	0.01
116.0	0.01
117.0	0.01
118.0	0.01
119.0	0.01
120.0	0.004
121.0	0.585
122.0	0.092
123.0	0.129
124.0	0.83
125.0	0.839
126.0	0.128
127.0	0.868
128.0	0.366
129.0	0.377
130.0	9.378
131.0	4.829
132.0	6.971
133.0	4.038
134.0	7.274
135.0	8.804
136.0	8.167
137.0	7.353
138.0	4.513
139.0	9.611
140.0	5.941
141.0	8.048
142.0	4.649
143.0	7.086
144.0	4.971
145.0	4.2
146.0	7.816
147.0	8.746
148.0	7.471
149.0	7.243
150.0	4.06
151.0	5.629
152.0	4.664
153.0	8.627
154.0	9.979
155.0	5.656
156.0	5.685
157.0	8.867
158.0	8.305
159.0	7.777
160.0	1.043
161.0	1.12
162.0	0.504
163.0	1.011
164.0	0.656
165.0	0.249
166.0	0.36
167.0	0.385
168.0	0.311
169.0	0.307
170.0	7.468
171.0	7.173
172.0	6.668
173.0	7.713
174.0	4.492
175.0	9.896
176.0	4.55
177.0	8.652
178.0	7.258
179.0	7.627
180.0	0.01
181.0	0.01
182.0	0.01
183.0	0.01
184.0	0.01
185.0	0.01
186.0	0.01
187.0	0.01
188.0	0.01
189.0	0.01

