0.0	1.172
1.0	0.792
2.0	0.228
3.0	1.196
4.0	0.719
5.0	0.183
6.0	0.427
7.0	1.138
8.0	1.115
9.0	0.753
10.0	0.01
11.0	0.01
12.0	0.01
13.0	0.01
14.0	0.01
15.0	0.01
16.0	0.01
17.0	0.01
18.0	0.01
19.0	0.01
20.0	8.342
21.0	6.946
22.0	7.167
23.0	7.625
24.0	7.007
25.0	5.263
26.0	9.18
27.0	4.969
28.0	7.214
29.0	7.571
30.0	2.896
31.0	2.672
32.0	3.184
33.0	3.317
34.0	2.613
35.0	3.092
36.0	3.71
37.0	3.627
38.0	2.835
39.0	2.607
40.0	1.736
41.0	1.632
42.0	1.38
43.0	1.838
44.0	1.382
45.0	1.276
46.0	1.275
47.0	1.584
48.0	1.314
49.0	1.891
50.0	7.153
51.0	7.717
52.0	6.906
53.0	8.189
54.0	7.33
55.0	4.612
56.0	8.796
57.0	5.662
58.0	9.504
59.0	7.532
60.0	0.992
61.0	0.084
62.0	0.055
63.0	1.172
64.0	0.705
65.0	0.389
66.0	0.148
67.0	0.599
68.0	0.43
69.0	0.62
70.0	3.015
71.0	3.085
72.0	2.855
73.0	3.5
74.0	2.33
75.0	2.74
76.0	3.57
77.0	3.519
78.0	3.663
79.0	3.419
80.0	9.664
81.0	8.176
82.0	4.914
83.0	6.306
84.0	7.675
85.0	4.228
86.0	6.563
87.0	7.719
88.0	5.51
89.0	7.062
90.0	2.206
91.0	3.349
92.0	2.802
93.0	3.396
94.0	2.067
95.0	3.671
96.0	2.635
97.0	2.59
98.0	3.218
99.0	3.01
100.0	5.557
101.0	9.244
102.0	4.311
103.0	7.738
104.0	5.791
105.0	6.743
106.0	8.275
107.0	7.869
108.0	7.152
109.0	9.664
110.0	0.01
111.0	0.01
112.0	0.01
113.0	0.01
114.0	0.01
115.0	0.01
116.0	0.01
117.0	0.01
118.0	0.01
119.0	0.01
120.0	4.537
121.0	7.989
122.0	9.553
123.0	6.355
124.0	9.654
125.0	4.772
126.0	7.25
127.0	8.766
128.0	8.309
129.0	8.534
130.0	0.01
131.0	0.01
132.0	0.01
133.0	0.01
134.0	0.01
135.0	0.01
136.0	0.01
137.0	0.01
138.0	0.01
139.0	0.01
140.0	0.35
141.0	0.602
142.0	0.303
143.0	0.367
144.0	0.282
145.0	0.384
146.0	0.67
147.0	0.666
148.0	0.927
149.0	0.707
150.0	0.01
151.0	0.01
152.0	0.01
153.0	0.01
154.0	0.01
155.0	0.01
156.0	0.01
157.0	0.01
158.0	0.01
159.0	0.01
160.0	1.551
161.0	1.338
162.0	1.957
163.0	1.569
164.0	1.956
165.0	1.532
166.0	1.542
167.0	1.985
168.0	1.762
169.0	1.625
170.0	0.01
171.0	0.01
172.0	0.01
173.0	0.01
174.0	0.01
175.0	0.01
176.0	0.01
177.0	0.01
178.0	0.01
179.0	0.01
180.0	3.049
181.0	3.589
182.0	2.514
183.0	2.175
184.0	2.066
185.0	2.527
186.0	2.647
187.0	3.247
188.0	2.882
189.0	2.82

