0.0	2.601
1.0	2.087
2.0	3.371
3.0	3.916
4.0	2.968
5.0	2.065
6.0	3.377
7.0	2.014
8.0	2.855
9.0	3.252
10.0	6.9
11.0	5.02
12.0	6.727
13.0	6.575
14.0	7.632
15.0	6.201
16.0	5.396
17.0	4.09
18.0	8.478
19.0	9.138
20.0	0.825
21.0	0.267
22.0	0.045
23.0	1.07
24.0	0.79
25.0	0.712
26.0	1.031
27.0	1.189
28.0	0.533
29.0	0.209
30.0	1.4
31.0	1.669
32.0	1.245
33.0	1.218
34.0	1.458
35.0	1.504
36.0	1.596
37.0	1.484
38.0	1.634
39.0	1.52
40.0	0.536
41.0	0.407
42.0	1.015
43.0	1.082
44.0	1.156
45.0	0.883
46.0	0.08
47.0	1.016
48.0	0.266
49.0	0.989
50.0	18.005
51.0	18.209
52.0	10.44
53.0	12.062
54.0	17.842
55.0	12.971
56.0	16.793
57.0	16.081
58.0	19.309
59.0	19.625
60.0	3.252
61.0	3.952
62.0	3.732
63.0	3.743
64.0	3.385
65.0	2.705
66.0	2.466
67.0	3.277
68.0	3.674
69.0	3.829
70.0	0.01
71.0	0.01
72.0	0.01
73.0	0.01
74.0	0.01
75.0	0.01
76.0	0.01
77.0	0.01
78.0	0.01
79.0	0.01
80.0	4.445
81.0	6.974
82.0	4.695
83.0	6.547
84.0	7.972
85.0	6.276
86.0	6.574
87.0	5.987
88.0	8.615
89.0	7.146
90.0	1.249
91.0	1.485
92.0	1.369
93.0	1.928
94.0	1.339
95.0	1.77
96.0	1.409
97.0	1.298
98.0	1.696
99.0	1.801
100.0	7.676
101.0	8.072
102.0	6.448
103.0	6.848
104.0	7.86
105.0	6.042
106.0	4.763
107.0	6.458
108.0	8.848
109.0	5.605
110.0	7.163
111.0	7.761
112.0	4.981
113.0	6.331
114.0	4.932
115.0	6.873
116.0	6.894
117.0	8.353
118.0	9.682
119.0	7.12
120.0	1.039
121.0	0.9
122.0	1.079
123.0	0.644
124.0	0.102
125.0	0.386
126.0	1.061
127.0	0.132
128.0	0.315
129.0	0.29
130.0	3.443
131.0	3.54
132.0	3.039
133.0	3.905
134.0	3.642
135.0	3.156
136.0	2.124
137.0	2.719
138.0	2.176
139.0	2.335
140.0	2.137
141.0	3.292
142.0	3.089
143.0	2.497
144.0	2.467
145.0	3.575
146.0	3.489
147.0	3.936
148.0	3.633
149.0	3.002
150.0	11.643
151.0	17.776
152.0	16.998
153.0	13.054
154.0	12.481
155.0	14.145
156.0	16.442
157.0	18.935
158.0	15.631
159.0	17.237
160.0	11.88
161.0	19.428
162.0	11.608
163.0	12.128
164.0	17.388
165.0	18.446
166.0	11.809
167.0	14.279
168.0	12.41
169.0	19.756
170.0	18.136
171.0	17.964
172.0	10.662
173.0	15.883
174.0	17.716
175.0	18.975
176.0	12.918
177.0	13.193
178.0	15.472
179.0	19.528
180.0	4.747
181.0	4.545
182.0	9.32
183.0	8.704
184.0	5.386
185.0	4.214
186.0	8.401
187.0	4.432
188.0	5.753
189.0	5.943

