0.0	13.244
1.0	17.437
2.0	10.452
3.0	18.426
4.0	16.509
5.0	16.567
6.0	19.475
7.0	17.701
8.0	15.297
9.0	15.916
10.0	0.01
11.0	0.01
12.0	0.01
13.0	0.01
14.0	0.01
15.0	0.01
16.0	0.01
17.0	0.01
18.0	0.01
19.0	0.01
20.0	1.742
21.0	1.657
22.0	1.214
23.0	1.386
24.0	1.466
25.0	1.483
26.0	1.957
27.0	1.534
28.0	1.907
29.0	1.743
30.0	13.819
31.0	11.824
32.0	10.206
33.0	17.974
34.0	19.064
35.0	15.073
36.0	14.667
37.0	11.119
38.0	16.993
39.0	18.178
40.0	1.325
41.0	1.22
42.0	1.613
43.0	1.804
44.0	1.282
45.0	1.769
46.0	1.815
47.0	1.677
48.0	1.966
49.0	1.761
50.0	9.678
51.0	7.084
52.0	8.418
53.0	7.734
54.0	7.364
55.0	9.573
56.0	7.993
57.0	5.349
58.0	7.952
59.0	9.186
60.0	16.165
61.0	13.146
62.0	16.926
63.0	10.483
64.0	15.245
65.0	17.745
66.0	17.126
67.0	14.19
68.0	16.631
69.0	13.578
70.0	3.292
71.0	2.674
72.0	3.059
73.0	3.319
74.0	2.069
75.0	3.52
76.0	3.783
77.0	3.498
78.0	3.699
79.0	2.638
80.0	0.01
81.0	0.01
82.0	0.01
83.0	0.01
84.0	0.01
85.0	0.01
86.0	0.01
87.0	0.01
88.0	0.01
89.0	0.01
90.0	1.605
91.0	1.913
92.0	1.374
93.0	1.94
94.0	1.788
95.0	1.725
96.0	1.377
97.0	1.907
98.0	1.318
99.0	1.281
100.0	2.0
101.0	1.837
102.0	1.758
103.0	1.746
104.0	1.572
105.0	1.366
106.0	1.684
107.0	1.975
108.0	1.382
109.0	1.496
110.0	0.01
111.0	0.01
112.0	0.01
113.0	0.01
114.0	0.01
115.0	0.01
116.0	0.01
117.0	0.01
118.0	0.01
119.0	0.01
120.0	1.995
121.0	1.422
122.0	1.788
123.0	1.506
124.0	1.711
125.0	1.87
126.0	1.942
127.0	1.328
128.0	1.726
129.0	1.481
130.0	7.624
131.0	5.586
132.0	6.992
133.0	5.159
134.0	7.456
135.0	9.387
136.0	6.982
137.0	4.371
138.0	6.654
139.0	7.699
140.0	0.316
141.0	0.078
142.0	0.818
143.0	0.325
144.0	0.372
145.0	1.181
146.0	0.027
147.0	0.236
148.0	0.651
149.0	0.66
150.0	0.01
151.0	0.01
152.0	0.01
153.0	0.01
154.0	0.01
155.0	0.01
156.0	0.01
157.0	0.01
158.0	0.01
159.0	0.01
160.0	3.571
161.0	2.098
162.0	2.946
163.0	3.777
164.0	2.536
165.0	2.257
166.0	2.222
167.0	2.674
168.0	2.729
169.0	3.559
170.0	1.811
171.0	1.926
172.0	1.264
173.0	1.594
174.0	1.409
175.0	1.818
176.0	1.873
177.0	1.388
178.0	1.65
179.0	1.573
180.0	1.306
181.0	1.551
182.0	1.778
183.0	1.477
184.0	1.429
185.0	1.614
186.0	1.626
187.0	1.995
188.0	1.684
189.0	1.482

