0.0	16.386
1.0	14.678
2.0	16.998
3.0	11.779
4.0	11.156
5.0	16.498
6.0	16.838
7.0	16.244
8.0	12.865
9.0	17.21
10.0	0.01
11.0	0.01
12.0	0.01
13.0	0.01
14.0	0.01
15.0	0.01
16.0	0.01
17.0	0.01
18.0	0.01
19.0	0.01
20.0	11.698
21.0	15.254
22.0	12.734
23.0	19.743
24.0	10.401
25.0	14.788
26.0	17.649
27.0	19.769
28.0	14.299
29.0	14.659
30.0	0.01
31.0	0.01
32.0	0.01
33.0	0.01
34.0	0.01
35.0	0.01
36.0	0.01
37.0	0.01
38.0	0.01
39.0	0.01
40.0	0.226
41.0	0.091
42.0	0.012
43.0	0.031
44.0	0.646
45.0	0.798
46.0	0.495
47.0	0.006
48.0	0.652
49.0	0.802
50.0	0.275
51.0	0.939
52.0	0.124
53.0	0.326
54.0	0.474
55.0	0.338
56.0	0.673
57.0	0.277
58.0	1.047
59.0	0.738
60.0	0.983
61.0	0.012
62.0	0.964
63.0	0.925
64.0	0.496
65.0	0.423
66.0	1.063
67.0	0.359
68.0	0.725
69.0	0.527
70.0	19.972
71.0	17.7
72.0	14.731
73.0	12.076
74.0	17.701
75.0	10.364
76.0	19.562
77.0	14.077
78.0	10.753
79.0	13.06
80.0	1.294
81.0	1.676
82.0	1.346
83.0	1.529
84.0	1.89
85.0	1.42
86.0	1.976
87.0	1.588
88.0	1.987
89.0	1.608
90.0	17.61
91.0	11.337
92.0	15.448
93.0	14.85
94.0	13.087
95.0	10.345
96.0	12.439
97.0	15.615
98.0	17.815
99.0	17.434
100.0	0.876
101.0	0.337
102.0	0.092
103.0	0.506
104.0	0.914
105.0	0.89
106.0	0.652
107.0	1.115
108.0	0.026
109.0	0.623
110.0	13.602
111.0	13.392
112.0	18.218
113.0	19.776
114.0	11.527
115.0	17.112
116.0	13.635
117.0	16.679
118.0	18.532
119.0	18.767
120.0	16.546
121.0	19.348
122.0	18.269
123.0	17.816
124.0	14.317
125.0	12.396
126.0	11.525
127.0	19.711
128.0	18.19
129.0	19.603
130.0	1.789
131.0	1.877
132.0	1.352
133.0	1.478
134.0	1.573
135.0	1.878
136.0	1.259
137.0	1.537
138.0	1.321
139.0	1.738
140.0	2.971
141.0	3.495
142.0	2.38
143.0	2.209
144.0	2.465
145.0	3.489
146.0	2.009
147.0	3.115
148.0	2.634
149.0	3.682
150.0	0.01
151.0	0.01
152.0	0.01
153.0	0.01
154.0	0.01
155.0	0.01
156.0	0.01
157.0	0.01
158.0	0.01
159.0	0.01
160.0	0.989
161.0	0.059
162.0	0.795
163.0	1.167
164.0	0.633
165.0	0.182
166.0	0.815
167.0	1.017
168.0	0.871
169.0	0.245
170.0	1.418
171.0	1.382
172.0	1.28
173.0	1.614
174.0	1.666
175.0	1.347
176.0	1.334
177.0	1.345
178.0	1.226
179.0	1.683
180.0	0.01
181.0	0.01
182.0	0.01
183.0	0.01
184.0	0.01
185.0	0.01
186.0	0.01
187.0	0.01
188.0	0.01
189.0	0.01

