0.0	16.642
1.0	16.103
2.0	19.462
3.0	19.424
4.0	14.233
5.0	14.853
6.0	14.596
7.0	11.783
8.0	10.835
9.0	11.865
10.0	0.51
11.0	0.955
12.0	0.509
13.0	0.674
14.0	0.975
15.0	0.598
16.0	0.74
17.0	0.898
18.0	0.529
19.0	1.112
20.0	4.79
21.0	9.951
22.0	5.287
23.0	5.602
24.0	9.719
25.0	6.249
26.0	4.21
27.0	9.978
28.0	5.675
29.0	5.923
30.0	9.332
31.0	9.449
32.0	7.289
33.0	5.13
34.0	5.628
35.0	8.563
36.0	9.989
37.0	5.171
38.0	8.638
39.0	9.926
40.0	1.897
41.0	1.644
42.0	1.815
43.0	1.453
44.0	1.486
45.0	1.379
46.0	1.827
47.0	1.419
48.0	1.738
49.0	1.34
50.0	14.781
51.0	12.635
52.0	14.88
53.0	14.698
54.0	17.685
55.0	17.624
56.0	15.833
57.0	19.833
58.0	14.758
59.0	12.398
60.0	1.579
61.0	1.501
62.0	1.442
63.0	1.801
64.0	1.572
65.0	1.517
66.0	1.615
67.0	1.849
68.0	1.435
69.0	1.464
70.0	1.489
71.0	1.494
72.0	1.584
73.0	1.89
74.0	1.912
75.0	1.871
76.0	1.427
77.0	1.623
78.0	1.944
79.0	1.729
80.0	2.37
81.0	2.292
82.0	3.456
83.0	2.5
84.0	3.336
85.0	3.196
86.0	3.98
87.0	3.178
88.0	3.59
89.0	2.143
90.0	1.779
91.0	1.258
92.0	1.425
93.0	1.329
94.0	1.234
95.0	1.553
96.0	1.794
97.0	1.603
98.0	1.675
99.0	1.236
100.0	6.371
101.0	9.22
102.0	5.068
103.0	8.585
104.0	5.994
105.0	7.073
106.0	9.863
107.0	8.529
108.0	5.68
109.0	7.603
110.0	2.308
111.0	2.622
112.0	3.491
113.0	3.29
114.0	3.244
115.0	2.165
116.0	3.066
117.0	3.646
118.0	2.116
119.0	3.427
120.0	0.97
121.0	0.367
122.0	0.981
123.0	0.65
124.0	0.189
125.0	0.435
126.0	1.082
127.0	0.043
128.0	0.79
129.0	0.398
130.0	2.832
131.0	2.377
132.0	3.511
133.0	2.642
134.0	2.715
135.0	2.487
136.0	2.502
137.0	3.446
138.0	3.066
139.0	2.962
140.0	0.01
141.0	0.01
142.0	0.01
143.0	0.01
144.0	0.01
145.0	0.01
146.0	0.01
147.0	0.01
148.0	0.01
149.0	0.01
150.0	3.231
151.0	3.949
152.0	3.74
153.0	3.052
154.0	2.871
155.0	2.772
156.0	3.917
157.0	2.509
158.0	3.036
159.0	3.929
160.0	0.194
161.0	0.643
162.0	0.954
163.0	0.251
164.0	1.02
165.0	0.118
166.0	0.196
167.0	1.145
168.0	0.884
169.0	0.476
170.0	8.353
171.0	8.191
172.0	5.345
173.0	6.46
174.0	9.882
175.0	9.061
176.0	4.406
177.0	4.894
178.0	9.41
179.0	9.001
180.0	1.72
181.0	1.896
182.0	1.901
183.0	1.487
184.0	1.546
185.0	1.262
186.0	1.306
187.0	1.286
188.0	1.934
189.0	1.51

