0.0	4.167
1.0	4.651
2.0	9.504
3.0	5.715
4.0	6.415
5.0	8.682
6.0	5.969
7.0	6.564
8.0	4.275
9.0	6.139
10.0	1.818
11.0	1.697
12.0	1.833
13.0	1.892
14.0	1.546
15.0	1.353
16.0	1.697
17.0	1.339
18.0	1.294
19.0	1.225
20.0	4.875
21.0	5.124
22.0	7.487
23.0	8.739
24.0	5.489
25.0	8.481
26.0	4.914
27.0	8.181
28.0	4.689
29.0	8.545
30.0	12.495
31.0	10.297
32.0	11.781
33.0	19.641
34.0	15.399
35.0	16.682
36.0	12.392
37.0	13.086
38.0	16.344
39.0	16.953
40.0	0.01
41.0	0.01
42.0	0.01
43.0	0.01
44.0	0.01
45.0	0.01
46.0	0.01
47.0	0.01
48.0	0.01
49.0	0.01
50.0	2.623
51.0	2.354
52.0	2.692
53.0	3.974
54.0	3.968
55.0	2.66
56.0	2.964
57.0	2.751
58.0	3.208
59.0	3.469
60.0	8.702
61.0	9.064
62.0	7.64
63.0	5.8
64.0	8.115
65.0	4.982
66.0	6.957
67.0	6.787
68.0	4.006
69.0	6.159
70.0	1.749
71.0	1.506
72.0	1.58
73.0	1.911
74.0	1.968
75.0	1.225
76.0	1.87
77.0	1.32
78.0	1.943
79.0	1.417
80.0	15.63
81.0	13.055
82.0	12.89
83.0	14.542
84.0	16.765
85.0	19.625
86.0	17.184
87.0	19.335
88.0	18.981
89.0	12.808
90.0	2.94
91.0	2.597
92.0	3.656
93.0	2.128
94.0	2.749
95.0	3.612
96.0	3.448
97.0	2.809
98.0	3.398
99.0	2.915
100.0	1.243
101.0	1.666
102.0	1.96
103.0	1.944
104.0	1.338
105.0	1.448
106.0	1.384
107.0	1.267
108.0	1.6
109.0	1.791
110.0	9.425
111.0	8.388
112.0	7.117
113.0	5.599
114.0	4.391
115.0	4.234
116.0	8.181
117.0	8.776
118.0	6.513
119.0	7.247
120.0	1.423
121.0	1.642
122.0	1.715
123.0	1.975
124.0	1.335
125.0	1.47
126.0	1.363
127.0	1.935
128.0	1.258
129.0	1.466
130.0	10.119
131.0	13.625
132.0	18.694
133.0	13.007
134.0	13.115
135.0	17.681
136.0	10.531
137.0	10.92
138.0	17.698
139.0	11.774
140.0	1.851
141.0	1.967
142.0	1.671
143.0	1.763
144.0	1.542
145.0	1.422
146.0	1.457
147.0	1.961
148.0	1.951
149.0	1.873
150.0	0.72
151.0	1.177
152.0	0.301
153.0	0.911
154.0	0.971
155.0	0.269
156.0	1.016
157.0	0.91
158.0	0.861
159.0	0.699
160.0	5.643
161.0	6.108
162.0	4.347
163.0	8.959
164.0	4.397
165.0	4.561
166.0	6.994
167.0	9.622
168.0	4.342
169.0	4.216
170.0	0.459
171.0	0.569
172.0	1.138
173.0	0.464
174.0	0.421
175.0	0.597
176.0	0.131
177.0	0.534
178.0	0.934
179.0	0.422
180.0	0.806
181.0	0.025
182.0	1.095
183.0	0.3
184.0	0.4
185.0	0.935
186.0	0.018
187.0	0.443
188.0	0.754
189.0	0.709

