0.0	2.106
1.0	3.802
2.0	2.062
3.0	3.497
4.0	2.872
5.0	2.294
6.0	3.696
7.0	3.892
8.0	3.666
9.0	3.313
10.0	0.01
11.0	0.01
12.0	0.01
13.0	0.01
14.0	0.01
15.0	0.01
16.0	0.01
17.0	0.01
18.0	0.01
19.0	0.01
20.0	1.771
21.0	1.71
22.0	1.964
23.0	1.607
24.0	1.537
25.0	1.75
26.0	1.383
27.0	1.877
28.0	1.442
29.0	1.349
30.0	7.561
31.0	6.588
32.0	4.09
33.0	8.695
34.0	9.946
35.0	9.29
36.0	7.781
37.0	7.144
38.0	7.952
39.0	4.076
40.0	1.409
41.0	1.701
42.0	1.244
43.0	1.455
44.0	1.739
45.0	1.931
46.0	1.307
47.0	1.235
48.0	1.92
49.0	1.314
50.0	2.091
51.0	3.821
52.0	2.126
53.0	2.333
54.0	3.595
55.0	2.755
56.0	3.055
57.0	2.313
58.0	2.301
59.0	3.333
60.0	3.376
61.0	3.877
62.0	3.707
63.0	3.282
64.0	2.295
65.0	2.866
66.0	2.753
67.0	3.255
68.0	2.882
69.0	2.991
70.0	0.518
71.0	0.84
72.0	0.13
73.0	0.582
74.0	0.66
75.0	0.972
76.0	0.753
77.0	0.293
78.0	0.949
79.0	1.187
80.0	1.321
81.0	1.334
82.0	1.982
83.0	1.732
84.0	1.856
85.0	1.689
86.0	1.845
87.0	1.91
88.0	1.311
89.0	1.989
90.0	3.495
91.0	3.573
92.0	3.489
93.0	3.487
94.0	3.877
95.0	2.939
96.0	2.775
97.0	3.959
98.0	3.397
99.0	2.221
100.0	1.875
101.0	1.789
102.0	1.323
103.0	1.682
104.0	1.406
105.0	1.839
106.0	1.364
107.0	1.592
108.0	1.5
109.0	1.402
110.0	3.97
111.0	2.063
112.0	3.366
113.0	3.323
114.0	3.737
115.0	3.185
116.0	2.863
117.0	3.306
118.0	3.029
119.0	3.259
120.0	17.068
121.0	14.205
122.0	11.912
123.0	19.411
124.0	19.614
125.0	19.429
126.0	18.409
127.0	11.279
128.0	16.442
129.0	12.309
130.0	0.478
131.0	0.594
132.0	0.914
133.0	0.662
134.0	0.066
135.0	0.138
136.0	0.251
137.0	0.928
138.0	1.115
139.0	1.128
140.0	15.389
141.0	11.226
142.0	18.931
143.0	15.915
144.0	11.145
145.0	12.833
146.0	19.444
147.0	18.943
148.0	12.302
149.0	10.582
150.0	4.211
151.0	8.65
152.0	5.323
153.0	6.581
154.0	9.512
155.0	7.062
156.0	4.869
157.0	8.021
158.0	4.882
159.0	8.572
160.0	0.01
161.0	0.01
162.0	0.01
163.0	0.01
164.0	0.01
165.0	0.01
166.0	0.01
167.0	0.01
168.0	0.01
169.0	0.01
170.0	0.01
171.0	0.01
172.0	0.01
173.0	0.01
174.0	0.01
175.0	0.01
176.0	0.01
177.0	0.01
178.0	0.01
179.0	0.01
180.0	1.608
181.0	1.516
182.0	1.752
183.0	1.753
184.0	1.321
185.0	1.801
186.0	1.362
187.0	1.974
188.0	1.389
189.0	1.538

