0.0	3.402
1.0	2.232
2.0	2.171
3.0	3.261
4.0	2.023
5.0	3.792
6.0	3.822
7.0	3.968
8.0	3.596
9.0	2.026
10.0	1.749
11.0	1.383
12.0	1.955
13.0	1.49
14.0	1.883
15.0	1.673
16.0	1.272
17.0	1.418
18.0	1.945
19.0	1.702
20.0	0.956
21.0	0.976
22.0	0.673
23.0	1.142
24.0	0.021
25.0	0.6
26.0	0.948
27.0	0.309
28.0	0.083
29.0	0.847
30.0	1.023
31.0	0.792
32.0	0.037
33.0	0.219
34.0	0.376
35.0	0.41
36.0	0.322
37.0	0.907
38.0	0.867
39.0	1.145
40.0	1.174
41.0	0.458
42.0	0.174
43.0	0.482
44.0	0.209
45.0	0.202
46.0	0.358
47.0	0.604
48.0	0.24
49.0	0.22
50.0	0.01
51.0	0.01
52.0	0.01
53.0	0.01
54.0	0.01
55.0	0.01
56.0	0.01
57.0	0.01
58.0	0.01
59.0	0.01
60.0	1.202
61.0	1.654
62.0	1.741
63.0	1.287
64.0	1.611
65.0	1.729
66.0	1.333
67.0	1.709
68.0	1.696
69.0	1.529
70.0	3.872
71.0	3.248
72.0	3.497
73.0	3.627
74.0	3.652
75.0	2.474
76.0	3.148
77.0	2.188
78.0	2.744
79.0	2.392
80.0	17.634
81.0	12.912
82.0	11.307
83.0	12.442
84.0	13.889
85.0	19.42
86.0	13.669
87.0	17.868
88.0	19.49
89.0	17.748
90.0	6.046
91.0	7.259
92.0	4.573
93.0	6.411
94.0	8.792
95.0	7.737
96.0	4.643
97.0	5.445
98.0	8.003
99.0	9.504
100.0	0.67
101.0	0.722
102.0	0.68
103.0	0.774
104.0	0.939
105.0	0.277
106.0	0.66
107.0	0.511
108.0	0.104
109.0	1.144
110.0	6.248
111.0	4.863
112.0	9.888
113.0	6.001
114.0	6.488
115.0	4.112
116.0	9.795
117.0	8.743
118.0	7.974
119.0	4.992
120.0	0.01
121.0	0.01
122.0	0.01
123.0	0.01
124.0	0.01
125.0	0.01
126.0	0.01
127.0	0.01
128.0	0.01
129.0	0.01
130.0	0.01
131.0	0.01
132.0	0.01
133.0	0.01
134.0	0.01
135.0	0.01
136.0	0.01
137.0	0.01
138.0	0.01
139.0	0.01
140.0	2.317
141.0	2.737
142.0	2.831
143.0	3.127
144.0	3.542
145.0	2.647
146.0	2.26
147.0	2.174
148.0	2.925
149.0	2.422
150.0	0.01
151.0	0.01
152.0	0.01
153.0	0.01
154.0	0.01
155.0	0.01
156.0	0.01
157.0	0.01
158.0	0.01
159.0	0.01
160.0	0.01
161.0	0.01
162.0	0.01
163.0	0.01
164.0	0.01
165.0	0.01
166.0	0.01
167.0	0.01
168.0	0.01
169.0	0.01
170.0	1.356
171.0	1.306
172.0	1.381
173.0	1.965
174.0	1.598
175.0	1.374
176.0	1.269
177.0	1.583
178.0	1.755
179.0	1.889
180.0	16.609
181.0	19.346
182.0	18.016
183.0	15.73
184.0	16.742
185.0	11.14
186.0	13.574
187.0	13.838
188.0	12.737
189.0	19.914

