0.0	2.064
1.0	3.237
2.0	3.55
3.0	3.325
4.0	3.839
5.0	2.754
6.0	2.686
7.0	3.062
8.0	2.845
9.0	3.502
10.0	0.01
11.0	0.01
12.0	0.01
13.0	0.01
14.0	0.01
15.0	0.01
16.0	0.01
17.0	0.01
18.0	0.01
19.0	0.01
20.0	0.51
21.0	0.008
22.0	0.592
23.0	0.372
24.0	1.082
25.0	0.478
26.0	0.999
27.0	0.596
28.0	0.297
29.0	0.48
30.0	0.01
31.0	0.01
32.0	0.01
33.0	0.01
34.0	0.01
35.0	0.01
36.0	0.01
37.0	0.01
38.0	0.01
39.0	0.01
40.0	0.717
41.0	0.71
42.0	0.569
43.0	0.406
44.0	0.547
45.0	0.312
46.0	0.463
47.0	0.974
48.0	0.071
49.0	1.173
50.0	8.564
51.0	4.457
52.0	4.464
53.0	9.606
54.0	5.923
55.0	7.913
56.0	8.15
57.0	8.158
58.0	6.372
59.0	9.968
60.0	9.762
61.0	5.857
62.0	8.916
63.0	4.089
64.0	9.475
65.0	4.13
66.0	9.996
67.0	9.621
68.0	8.528
69.0	7.079
70.0	6.897
71.0	6.388
72.0	5.859
73.0	4.744
74.0	9.986
75.0	9.454
76.0	8.227
77.0	9.287
78.0	6.478
79.0	6.925
80.0	9.551
81.0	9.852
82.0	6.575
83.0	9.669
84.0	4.546
85.0	9.544
86.0	8.108
87.0	9.263
88.0	4.118
89.0	7.459
90.0	0.28
91.0	1.132
92.0	0.739
93.0	0.441
94.0	0.23
95.0	0.215
96.0	0.514
97.0	0.295
98.0	0.08
99.0	0.123
100.0	0.01
101.0	0.01
102.0	0.01
103.0	0.01
104.0	0.01
105.0	0.01
106.0	0.01
107.0	0.01
108.0	0.01
109.0	0.01
110.0	0.01
111.0	0.01
112.0	0.01
113.0	0.01
114.0	0.01
115.0	0.01
116.0	0.01
117.0	0.01
118.0	0.01
119.0	0.01
120.0	1.41
121.0	1.368
122.0	1.288
123.0	1.732
124.0	1.36
125.0	1.423
126.0	1.254
127.0	1.904
128.0	1.231
129.0	1.36
130.0	1.934
131.0	1.212
132.0	1.916
133.0	1.96
134.0	1.427
135.0	1.631
136.0	1.248
137.0	1.876
138.0	1.818
139.0	1.778
140.0	19.849
141.0	17.142
142.0	18.029
143.0	17.497
144.0	17.59
145.0	16.943
146.0	13.528
147.0	10.036
148.0	13.457
149.0	10.724
150.0	0.01
151.0	0.01
152.0	0.01
153.0	0.01
154.0	0.01
155.0	0.01
156.0	0.01
157.0	0.01
158.0	0.01
159.0	0.01
160.0	0.01
161.0	0.01
162.0	0.01
163.0	0.01
164.0	0.01
165.0	0.01
166.0	0.01
167.0	0.01
168.0	0.01
169.0	0.01
170.0	14.169
171.0	16.703
172.0	19.206
173.0	19.665
174.0	17.808
175.0	11.159
176.0	10.133
177.0	12.308
178.0	14.168
179.0	19.975
180.0	3.211
181.0	2.05
182.0	3.985
183.0	3.176
184.0	3.831
185.0	3.791
186.0	3.174
187.0	3.794
188.0	2.203
189.0	2.713

