0.0	4.225
1.0	6.026
2.0	8.612
3.0	5.353
4.0	4.597
5.0	6.193
6.0	5.714
7.0	5.548
8.0	7.296
9.0	6.585
10.0	1.777
11.0	1.645
12.0	1.976
13.0	1.44
14.0	1.223
15.0	1.478
16.0	1.925
17.0	1.865
18.0	1.506
19.0	1.358
20.0	15.115
21.0	14.411
22.0	18.76
23.0	19.064
24.0	11.105
25.0	18.727
26.0	16.403
27.0	12.994
28.0	13.531
29.0	16.549
30.0	0.17
31.0	0.541
32.0	0.764
33.0	0.073
34.0	1.164
35.0	0.273
36.0	0.256
37.0	0.068
38.0	0.962
39.0	0.546
40.0	1.951
41.0	1.929
42.0	1.327
43.0	1.426
44.0	1.513
45.0	1.438
46.0	1.703
47.0	1.659
48.0	1.5
49.0	1.201
50.0	0.195
51.0	0.602
52.0	0.033
53.0	0.016
54.0	0.233
55.0	0.972
56.0	0.608
57.0	0.999
58.0	0.121
59.0	0.642
60.0	0.01
61.0	0.01
62.0	0.01
63.0	0.01
64.0	0.01
65.0	0.01
66.0	0.01
67.0	0.01
68.0	0.01
69.0	0.01
70.0	1.671
71.0	1.734
72.0	1.391
73.0	1.64
74.0	1.333
75.0	1.491
76.0	1.979
77.0	1.776
78.0	1.793
79.0	1.285
80.0	0.37
81.0	0.428
82.0	0.822
83.0	0.508
84.0	0.832
85.0	0.321
86.0	0.647
87.0	0.878
88.0	0.596
89.0	0.274
90.0	3.31
91.0	2.445
92.0	2.542
93.0	2.03
94.0	3.051
95.0	3.217
96.0	2.177
97.0	2.519
98.0	3.396
99.0	2.553
100.0	1.617
101.0	1.783
102.0	1.472
103.0	1.475
104.0	1.546
105.0	1.899
106.0	1.23
107.0	1.937
108.0	1.608
109.0	1.5
110.0	0.01
111.0	0.01
112.0	0.01
113.0	0.01
114.0	0.01
115.0	0.01
116.0	0.01
117.0	0.01
118.0	0.01
119.0	0.01
120.0	3.825
121.0	3.051
122.0	3.109
123.0	2.497
124.0	2.331
125.0	2.142
126.0	2.067
127.0	2.655
128.0	2.289
129.0	3.4
130.0	3.403
131.0	3.713
132.0	2.432
133.0	3.681
134.0	2.814
135.0	2.618
136.0	3.781
137.0	2.717
138.0	2.333
139.0	3.082
140.0	18.785
141.0	11.501
142.0	10.821
143.0	18.841
144.0	16.625
145.0	16.493
146.0	19.082
147.0	11.159
148.0	14.635
149.0	15.909
150.0	7.961
151.0	4.312
152.0	8.29
153.0	8.602
154.0	9.911
155.0	5.159
156.0	8.725
157.0	5.38
158.0	9.004
159.0	7.692
160.0	0.059
161.0	0.66
162.0	0.232
163.0	0.625
164.0	0.393
165.0	0.374
166.0	1.158
167.0	0.356
168.0	0.114
169.0	0.521
170.0	18.481
171.0	18.564
172.0	12.752
173.0	13.475
174.0	13.092
175.0	17.062
176.0	17.293
177.0	18.324
178.0	18.666
179.0	14.255
180.0	3.517
181.0	3.012
182.0	3.222
183.0	3.161
184.0	3.686
185.0	3.07
186.0	2.177
187.0	3.405
188.0	3.752
189.0	3.48

