0.0	30.288
0.486	58.066
1.486	57.475
2.487	56.978
3.486	66.844
4.487	47.345
5.486	47.32
6.486	50.177
7.486	52.519
8.486	55.288
9.486	63.908
10.486	61.137
11.487	61.337
12.486	61.718
13.486	55.142
14.487	27.7
15.486	33.718
16.486	60.85
17.486	59.097
18.486	62.832
19.486	28.491
20.486	14.467
21.486	45.383
22.486	61.177
23.486	63.045
24.486	30.081
25.486	47.417
26.487000000000002	63.132
27.489	61.361
28.486	64.881
29.487000000000002	29.356
30.486	28.196
31.486	61.493
32.487	64.109
33.486000000000004	60.756
34.487	29.72
35.487	30.783
36.486000000000004	61.8
37.486000000000004	60.506
38.486000000000004	65.486
39.486000000000004	34.764
40.487	32.177
41.486000000000004	56.95
42.486000000000004	61.554
43.486000000000004	64.815
44.486000000000004	39.347
45.487	10.102
46.486000000000004	25.795
47.487	60.074
48.486000000000004	59.523
49.486000000000004	37.154
50.487	36.208
51.487	55.564
52.486000000000004	60.08
53.486000000000004	58.17
54.487	34.965
55.486000000000004	29.658
56.487	57.442
57.487	57.27
58.486000000000004	60.412
59.487	40.918
60.486000000000004	37.257
61.486000000000004	60.653
62.486000000000004	58.277
63.486000000000004	57.622
64.486	39.829
65.486	24.502
66.48700000000001	55.302
67.486	55.459
68.486	58.039
69.48700000000001	37.983
70.486	25.722
71.486	58.966
72.486	61.018
73.48700000000001	59.566
74.486	43.614
75.486	28.672
76.486	48.152
77.486	58.556
78.486	59.965
79.486	36.159
80.486	7.176
81.486	32.374
82.486	59.867
83.486	55.755
84.486	32.266
85.486	34.324
86.486	44.165
87.48700000000001	54.225
88.486	32.885
89.48700000000001	41.837
90.486	30.932
91.486	59.25
92.48700000000001	59.539
93.48700000000001	56.172
94.48700000000001	33.519
95.486	34.34
96.486	47.744
97.48700000000001	60.644
98.48700000000001	47.032
99.486	30.796
100.486	28.311
101.486	50.266
102.486	63.078
103.486	51.479
104.486	42.012
105.486	24.592
106.486	49.577
107.486	59.441
108.486	45.1
109.486	37.76
110.486	27.513
111.48700000000001	48.336
112.486	38.242
113.486	38.57
114.486	29.938
115.48700000000001	26.863
116.486	62.488
117.486	57.059
118.486	41.565
119.486	38.335
120.486	25.853
121.486	46.612
122.486	30.744
123.486	33.976
124.486	30.212
125.48700000000001	22.649
126.486	26.639
127.486	23.104
128.486	20.516
129.486	20.446
130.486	25.965
131.486	23.504
132.487	21.924
133.486	13.404
134.486	18.033
135.486	19.527
136.486	15.528
137.486	11.517
138.486	25.682
139.486	26.923
140.487	8.265
141.486	48.317
142.487	58.736
143.487	62.013
144.487	52.895
145.486	24.616
146.487	48.856
147.486	46.646
148.486	28.769
149.487	25.418
150.486	22.675
151.486	60.194
152.486	61.743
153.487	54.265
154.486	56.646
155.486	25.821
156.486	32.964
157.486	54.452
158.487	26.744
159.487	26.153
160.486	20.996
161.486	25.351
162.487	38.222
163.486	43.309
164.487	32.33
165.486	16.582
166.486	24.091
167.487	52.376
168.486	39.163
169.486	19.553
170.487	17.68
171.487	16.402
172.486	17.833
173.487	18.542
174.486	8.346
175.486	0.0
176.486	8.939
177.486	16.1
178.486	13.253
179.486	13.835
180.486	12.067
181.486	12.369
182.486	11.29
183.486	4.169
184.487	0.0
185.487	32.386
186.486	50.627
187.487	48.746
188.486	55.582
189.486	51.314
190.486	25.64
191.486	36.683
192.486	57.606
193.486	54.198
194.486	58.219
195.487	34.406
196.487	30.898
197.486	59.539
198.486	45.843
199.486	49.539
200.486	24.929
201.486	36.372
202.486	58.753
203.486	59.932
204.486	59.228
205.486	25.837
206.486	33.226
207.486	58.825
208.487	61.271
209.486	35.035
210.486	16.509
211.487	36.709
212.486	60.129
213.486	57.606
214.486	53.854
215.486	43.696
216.486	20.905
217.486	59.834
218.486	59.719
219.486	58.638
220.486	41.779
221.486	28.803
222.486	60.134
223.487	58.589
224.487	36.19
225.486	32.63
226.486	25.133
227.486	38.488
228.486	33.861
229.486	34.046
230.486	27.85
231.487	36.917
232.486	47.637
233.486	53.223
234.486	54.831
235.487	43.789
236.486	15.04
237.486	24.191
238.487	56.262
239.487	60.648
240.486	43.941
241.486	26.148
242.486	56.41
243.486	57.679
244.487	58.549
245.486	51.001
246.487	31.029
247.486	45.678
248.486	58.645
249.487	63.863
250.486	50.282
251.486	27.235
252.487	50.364
253.487	55.351
254.486	50.79
255.486	50.921
256.486	29.36
257.486	54.493
258.486	57.737
259.486	60.325
260.486	52.183
261.486	21.561
262.486	47.677
263.486	56.098
264.486	60.178
265.486	59.064
266.486	27.557
267.486	40.763
268.486	57.057
269.48699999999997	57.204
270.486	60.686
271.486	27.235
272.48699999999997	41.575
273.486	57.425
274.486	56.721
275.486	56.042
276.48699999999997	30.143
277.486	48.857
278.486	56.206
279.48699999999997	55.892
280.486	59.817
281.486	26.755
282.486	35.569
283.486	58.465
284.48699999999997	58.064
285.48699999999997	57.966
286.48699999999997	31.013
287.486	35.438
288.486	57.737
289.486	56.139
290.48699999999997	39.398
291.486	25.975
292.48699999999997	38.885
293.486	40.799
294.486	30.367
295.48699999999997	32.72
296.48699999999997	26.218
297.486	40.907
298.486	30.145
299.486	24.247
300.486	25.914
301.486	23.329
302.486	27.554
303.48699999999997	27.639
304.486	27.448
305.486	23.317
306.486	27.499
307.486	27.126
308.48699999999997	20.466
309.486	16.23
310.486	29.698
311.486	21.598
312.486	20.804
313.486	18.979
314.486	18.354
315.486	18.925
316.486	20.338
317.486	17.851
318.48699999999997	20.84
319.486	17.452
320.486	15.582
321.486	4.18
322.48699999999997	35.266
323.486	39.583
324.486	61.833
325.486	62.884
326.48699999999997	38.075
327.486	34.759
328.486	29.861
329.486	32.564
330.486	34.878
331.486	31.736
332.486	31.69
333.48699999999997	26.613
334.486	32.729
335.486	27.704
336.486	21.621

