0.0	0.0
0.88	8.718
1.88	32.732
2.879	52.261
3.88	71.679
4.879	39.563
5.879999999999999	40.064
6.879999999999999	41.208
7.878999999999999	40.056
8.878999999999998	40.62
9.878999999999998	39.882
10.878999999999998	40.012
11.878999999999998	40.505
12.878999999999998	40.683
13.878999999999998	39.79
14.878999999999998	40.035
15.879999999999997	40.751
16.878999999999998	38.711
17.878999999999998	32.538
18.878999999999998	49.604
19.878999999999998	40.448
20.878999999999998	38.216
21.878999999999998	27.082
22.878999999999998	36.847
23.878999999999998	51.462
24.878999999999998	47.702
25.88	30.347
26.88	30.496
27.878999999999998	23.208
28.878999999999998	23.289
29.878999999999998	46.474
30.88	40.148
31.88	39.875
32.879	34.456
33.879	46.416
34.879999999999995	40.421
35.879999999999995	40.218
36.879999999999995	40.372
37.879	33.161
38.879	43.81
39.879	44.03
40.879	40.309
41.879999999999995	39.359
42.879	32.964
43.879	45.776
44.879	43.15
45.879	40.307
46.879	40.468
47.879	35.717
48.879	41.622
49.879999999999995	43.543
50.879	40.24
51.879	40.348
52.879	38.222
53.879	41.156
54.879	34.08
55.879999999999995	47.974
56.879999999999995	39.601
57.879	22.033
58.879	11.342
59.879999999999995	32.357
60.879	62.472
61.879	63.455
62.879	27.24
63.879999999999995	33.391
64.87899999999999	43.996
65.88	44.669
66.87899999999999	39.897
67.88	37.731
68.87899999999999	41.32
69.87899999999999	42.247
70.87899999999999	39.665
71.87899999999999	40.983
72.87899999999999	33.033
73.88	38.557
74.87899999999999	49.032
75.88	40.617
76.87899999999999	40.264
77.88	33.103
78.87899999999999	41.835
79.88	45.133
80.87899999999999	40.308
81.88	38.958
82.87899999999999	32.032
83.87899999999999	40.484
84.87899999999999	50.258
85.87899999999999	40.36
86.87899999999999	39.941
87.87899999999999	33.617
88.87899999999999	28.573
89.87899999999999	56.066
90.87899999999999	43.379
91.87899999999999	39.228
92.88	36.626
93.87899999999999	33.161
94.87899999999999	51.552
95.87899999999999	40.77
96.87899999999999	38.749
97.87899999999999	39.464
98.87899999999999	27.911
99.87899999999999	54.689
100.87899999999999	40.535
101.87899999999999	40.313
102.87899999999999	38.797
103.87899999999999	34.537
104.87899999999999	47.822
105.87899999999999	39.693
106.88	40.337
107.88	37.693
108.87899999999999	33.029
109.88	49.74
110.88	40.864
111.88	40.28
112.87899999999999	34.005
113.88	31.57
114.87899999999999	54.499
115.88	41.874
116.88	36.254
117.87899999999999	25.844
118.88	32.714
119.87899999999999	59.31
120.87899999999999	47.048
121.88	40.536
122.87899999999999	36.737
123.87899999999999	32.669
124.88	47.101
125.87899999999999	44.519
126.87899999999999	40.15
127.87899999999999	35.287
128.879	34.183
129.879	35.007
130.88	37.316
131.879	35.248
132.879	28.725
133.879	32.416
134.879	36.543
135.879	34.577
136.879	29.751
137.879	30.774
138.879	29.574
139.879	28.856
140.879	35.655
141.88	30.582
142.879	26.466
143.88	45.536
144.879	55.687
145.879	54.853
146.879	58.78
147.879	34.737
148.88	6.166
149.879	34.388
150.88	47.675
151.879	59.447
152.88	54.81
153.879	32.997
154.879	47.005
155.879	42.979
156.879	41.694
157.879	38.672
158.88	28.797
159.88	41.159
160.879	23.366
161.879	21.703
162.88	20.281
163.879	16.113
164.879	16.612
165.879	12.692
166.879	14.612
167.879	13.628
168.88	11.56
169.88	13.871
170.879	12.304
171.879	12.843
172.879	20.748
173.879	20.931
174.879	18.573
175.88	16.785
176.879	12.843
177.879	10.169
178.879	10.201
179.879	10.277
180.879	9.512
181.88	7.426
182.879	4.604
183.879	0.647
184.879	0.0
185.879	0.0
186.88	0.0
187.88	39.49
188.879	47.661
189.879	60.276
190.879	45.513
191.88	39.686
192.88	40.934
193.88	33.134
194.879	34.996
195.879	52.845
196.879	40.281
197.88	21.956
198.879	28.698
199.879	44.552
200.88	58.975
201.879	47.047
202.879	40.608
203.879	31.656
204.879	35.124
205.88	54.158
206.879	33.085
207.879	47.444
208.879	31.425
209.879	35.405
210.879	54.131
211.879	40.259
212.88	40.35
213.879	35.683
214.879	35.848
215.879	49.361
216.88	40.35
217.879	40.074
218.88	34.92
219.88	34.457
220.879	51.309
221.879	38.892
222.879	39.61
223.879	35.319
224.879	38.993
225.879	49.086
226.879	39.994
227.879	38.557
228.879	29.159
229.879	37.584
230.879	41.194
231.879	36.195
232.879	31.421
233.879	28.317
234.88	31.047
235.88	42.952
236.879	33.535
237.879	34.226
238.879	32.247
239.879	32.104
240.879	37.928
241.879	36.741
242.88	36.762
243.879	32.136
244.879	37.275
245.879	36.691
246.879	33.421
247.879	32.458
248.879	31.166
249.879	32.047
250.88	40.652
251.88	35.948
252.879	21.436
253.879	28.801
254.879	34.93
255.879	42.894
256.88	36.307
257.879	36.32
258.879	33.155
259.879	29.953
260.88	24.848
261.879	24.223
262.879	16.817
263.879	14.334
264.88	39.951
265.879	27.893
266.879	25.228
267.879	21.05
268.879	3.619
269.879	28.866
270.879	14.899
271.88	32.314
272.879	34.671
273.879	33.573
274.879	27.189
275.88	35.102
276.879	31.7
277.88	35.757
278.879	30.572
279.879	28.963
280.879	44.855
281.879	32.209
282.88	37.722
283.88	34.886
284.88	35.122
285.879	37.72
286.879	33.269
287.879	35.425
288.88	34.257
289.879	32.276
290.88	43.067
291.879	27.582
292.879	32.777
293.879	36.016
294.879	18.752
295.879	17.022
296.88	43.887
297.879	58.137
298.88	35.721
299.879	33.098
300.88	32.341
301.879	48.92
302.879	39.082
303.88	35.032
304.879	28.889
305.879	32.833
306.88	40.361
307.88	28.477
308.879	34.494
309.879	34.154
310.879	24.592
311.879	28.746
312.879	50.509
313.879	35.726
314.879	32.411
315.88	30.963
316.879	40.26
317.879	38.179
318.879	37.263
319.879	36.227
320.879	30.539
321.879	42.135
322.879	22.323
323.879	35.68
324.88	32.839
325.879	32.639
326.879	40.551
327.879	44.147
328.879	36.59
329.879	18.896
330.88	27.7
331.879	57.098
332.879	37.111
333.879	36.282
334.879	32.705
335.879	23.324
336.879	25.603
337.879	29.81
338.88	34.261
339.879	34.336
340.879	33.795
341.879	35.541
342.879	33.137
343.879	28.468
344.879	28.839
345.879	28.791
346.879	29.031
347.879	30.392
348.879	29.904
349.879	26.393
350.879	24.825
351.879	28.652
352.879	24.296
353.879	26.104
354.879	23.685
355.879	21.314
356.879	26.646
357.879	14.693
358.88	30.636
359.879	56.401
360.879	36.165
361.88	43.057
362.88	45.433
363.879	40.425
364.879	40.506
365.879	33.997
366.879	28.835
367.879	57.606
368.879	39.629
369.88	40.779
370.879	33.644
371.879	34.439
372.879	47.785
373.879	40.156
374.879	37.423
375.88	36.448
376.88	33.948
377.88	31.42
378.879	32.223
379.879	31.418
380.879	31.722
381.88	41.833
382.879	36.072
383.879	34.054
384.88	26.009
385.879	46.202
386.879	27.726
387.88	46.935
388.879	33.332
389.879	15.411
390.88	19.27
391.879	34.797
392.88	53.071
393.879	52.297
394.879	59.473
395.879	47.693
396.879	34.471
397.879	38.567
398.879	55.017
399.879	45.282
400.879	40.073
401.879	29.458
402.879	47.138
403.88	45.248
404.879	41.785
405.879	35.237
406.88	22.478
407.88	52.288
408.879	30.097
409.879	36.104
410.879	30.658
411.879	36.317
412.88	42.153
413.879	37.409
414.879	34.831
415.879	36.745
416.879	33.464
417.879	39.852
418.879	10.257
419.879	28.596
420.879	52.119
421.879	28.637
422.88	35.385
423.879	36.8
424.88	31.655
425.879	34.974
426.879	32.686
427.879	37.946
428.879	32.014
429.879	26.505
430.879	42.012
431.879	30.998
432.879	52.706
433.879	40.123
434.879	39.843
435.88	40.213
436.879	31.391
437.879	49.946
438.879	39.965
439.88	39.864
440.879	38.981
441.879	33.243
442.879	10.9
443.88	42.969
444.879	57.72
445.879	58.685
446.879	24.846
447.88	46.7
448.879	25.32
449.879	42.484
450.879	40.512
451.88	24.487
452.88	47.655
453.879	38.924
454.879	50.132
455.879	38.536
456.879	29.851
457.879	46.645
458.879	45.793
459.879	40.847
460.879	40.356
461.88	34.5
462.879	42.172
463.879	44.536
464.879	39.933
465.879	40.379
466.879	29.884
467.879	38.557
468.879	19.792
469.879	13.563
470.88	17.557

