0.0	0.0
0.005	20.936
1.005	42.1
2.005	47.563
3.006	48.619
4.005	55.181
5.005	47.983
6.005	40.206
7.006	40.228
8.006	40.52
9.005	40.064
10.005	40.465
11.006	40.145
12.005	40.507
13.006	36.821
14.005	38.822
15.005	40.929
16.006	44.429
17.005	40.601
18.005	39.968
19.006	40.47
20.005	40.279
21.005	40.339
22.006	40.182
23.005	40.447
24.005	40.24
25.006	27.114
26.005	40.042
27.005	53.763
28.005	40.063
29.006	40.47
30.005	31.841
31.005	38.764
32.004999999999995	49.947
33.004999999999995	40.531
34.004999999999995	40.292
35.00599999999999	30.382
36.00599999999999	42.942
37.00599999999999	47.698
38.00599999999999	40.345
39.004999999999995	31.299
40.004999999999995	17.858
41.004999999999995	40.788
42.00599999999999	58.172
43.004999999999995	53.262
44.004999999999995	40.504
45.004999999999995	20.349
46.004999999999995	7.856
47.00599999999999	40.41
48.004999999999995	58.376
49.004999999999995	58.768
50.007	39.278
51.004999999999995	27.105
52.00599999999999	27.084
53.004999999999995	26.06
54.00599999999999	30.614
55.004999999999995	22.991
56.004999999999995	21.319
57.004999999999995	20.953
58.00599999999999	15.954
59.004999999999995	13.178
60.004999999999995	12.218
61.004999999999995	11.258
62.004999999999995	8.907
63.004999999999995	7.085
64.005	4.831
65.005	0.204
66.005	0.0
67.005	0.0
68.005	0.0
69.006	37.561
70.006	40.817
71.005	39.374
72.005	40.321
73.005	39.676
74.005	40.752
75.005	40.736
76.005	35.627
77.005	45.152
78.005	39.185
79.005	40.911
80.005	40.282
81.006	40.814
82.005	27.458
83.005	42.074
84.005	51.174
85.005	39.819
86.005	30.503
87.006	37.4
88.005	38.78
89.005	55.032
90.006	39.826
91.005	40.347
92.005	35.541
93.005	28.147
94.005	41.109
95.005	21.837
96.005	33.423
97.005	51.015
98.005	37.485
99.005	38.503
100.006	39.255
101.005	19.236
102.005	57.021
103.005	34.005
104.006	24.664
105.006	38.655
106.005	23.535
107.005	29.333
108.005	25.166
109.006	22.901
110.005	19.632
111.005	22.053
112.005	23.614
113.006	24.708
114.005	24.739
115.005	23.011
116.006	23.888
117.005	23.715
118.005	23.367
119.005	23.53
120.005	22.091
121.006	21.122
122.006	25.667
123.005	24.393
124.005	27.337
125.005	25.39
126.005	23.166
127.005	29.788
128.005	27.435
129.005	18.04
130.005	27.984
131.005	25.001
132.005	31.915
133.005	23.614
134.005	22.264
135.006	22.441
136.005	23.312
137.005	23.818
138.006	23.928
139.005	24.871
140.005	24.382
141.005	20.706
142.006	30.648
143.006	27.948
144.005	27.437
145.006	26.015
146.005	31.425
147.005	35.255
148.005	32.095
149.005	30.994
150.005	34.964
151.005	33.095
152.006	38.573
153.005	41.212
154.005	40.283
155.005	28.528
156.005	16.392
157.005	10.704
158.006	43.466
159.006	63.078
160.006	35.676
161.005	28.224
162.005	31.393
163.006	34.104
164.005	29.206
165.005	24.803
166.005	24.969
167.006	27.334
168.005	19.445
169.005	19.459
170.006	13.336
171.006	32.929
172.006	35.789
173.006	32.838
174.005	31.65
175.005	31.909
176.005	32.894
177.005	29.248
178.006	42.949
179.005	49.192
180.005	57.519
181.005	47.526
182.006	24.854
183.006	56.016
184.006	48.952
185.005	38.024
186.005	30.91
187.005	25.776
188.006	18.052
189.006	46.435
190.005	40.188
191.006	39.819
192.005	36.27
193.006	44.911
194.005	40.31
195.005	40.013
196.015	37.767
197.006	24.518
198.005	58.852
199.006	40.31
200.006	40.321
201.006	37.733
202.005	32.079
203.005	45.682
204.006	45.892
205.005	40.151
206.006	40.35
207.005	26.934
208.006	53.702
209.005	40.168
210.005	40.473
211.005	40.248
212.006	25.486
213.005	49.758
214.005	45.685
215.005	40.255
216.006	39.34
217.005	26.522
218.005	35.21
219.005	23.66
220.005	7.767
221.006	37.582
222.006	29.884
223.005	34.736
224.005	34.295
225.006	21.184
226.005	7.926
227.005	6.89
228.005	16.413
229.006	13.083
230.005	6.308

