0.0	5.937
0.196	25.509
1.196	40.648
2.195	48.575
3.195	41.595
4.196	28.041
5.194999999999999	33.633
6.194999999999999	20.415
7.196	16.175
8.195	18.217
9.195	18.341
10.195	27.003
11.196	25.369
12.196	30.751
13.195	24.606
14.196	12.584
15.195	52.509
16.195	30.475
17.195	38.684
18.195	31.961
19.195	24.821
20.195	32.44
21.195	61.505
22.195	36.975
23.195	23.897
24.195	22.669
25.196	33.751
26.195	30.779
27.195	25.129
28.217	28.734
29.195	27.265
30.197	48.889
31.195	32.252
32.195	17.604
33.195	19.568
34.195	16.105
35.195	17.631
36.195	10.74
37.195	11.134
38.195	5.192
39.195	0.0
40.196	19.486
41.196	24.417
42.195	13.62
43.195	15.567
44.196	15.545
45.196	11.922
46.195	4.119
47.195	30.249
48.196	24.581
49.195	23.575
50.196	24.187
51.195	15.151
52.195	16.009
53.196	16.839
54.195	12.32
55.195	10.929
56.195	3.644
57.195	0.0
58.195	0.0
59.195	0.0
60.195	27.143
61.195	4.367
62.195	0.884
63.195	0.258
64.195	6.88
65.195	0.0
66.196	0.0
67.195	0.689
68.196	22.377
69.195	4.007
70.196	6.347
71.195	8.487
72.195	6.998
73.195	7.81
74.196	6.092
75.196	6.304
76.195	5.742
77.195	4.766
78.196	4.734
79.196	5.354
80.195	5.262
81.195	6.06
82.195	7.516
83.195	6.912
84.195	0.312
85.195	0.032
86.195	0.0
87.195	10.89
88.195	15.928
89.195	5.834
90.195	5.86
91.196	6.314
92.195	5.812
93.195	6.291
94.196	6.681
95.195	4.395
96.195	8.816
97.196	10.287
98.195	8.012
99.195	9.964
100.195	6.427
101.195	3.105
102.195	0.0
103.196	0.075
104.196	0.0
105.195	0.0
106.195	0.578
107.196	11.984
108.196	8.506
109.195	0.733
110.195	0.0
111.195	6.444
112.195	4.188
113.195	0.0
114.195	2.028
115.195	11.062
116.196	7.387
117.196	4.205
118.196	4.145
119.195	5.995
120.195	4.809
121.195	2.973
122.196	3.81
123.195	2.221
124.195	0.0
125.196	0.0
126.195	9.835
127.196	4.576
128.195	7.886
129.196	5.613
130.195	3.968
131.195	5.542
132.195	3.418
133.195	1.325
134.196	0.0
135.196	1.478
136.195	0.668
137.195	0.0
138.195	0.0
139.195	12.088
140.195	0.398
141.196	9.38
142.195	5.311
143.195	9.744
144.196	5.995
145.196	3.367
146.195	0.873
147.195	9.415
148.196	3.875
149.195	2.219
150.196	0.528
151.195	6.028
152.195	3.343
153.195	9.921
154.195	11.711
155.195	7.336
156.196	3.389
157.195	11.323
158.195	8.983
159.195	5.623
160.196	8.16
161.195	4.352
162.196	5.181
163.195	7.861
164.195	6.877
165.196	7.35
166.196	4.641
167.195	6.491
168.195	8.044
169.195	9.049
170.196	7.783
171.195	6.632
172.195	0.506
173.195	21.158
174.195	14.596
175.195	11.823
176.196	7.869
177.195	3.081
178.196	21.935
179.196	15.565
180.195	13.07
181.195	12.836
182.195	15.326
183.196	18.383
184.195	19.09
185.196	19.119
186.195	19.602
187.195	14.349
188.196	9.705
189.196	8.452
190.195	7.958
191.195	7.505
192.195	11.129
193.195	11.538
194.195	10.287
195.195	9.597
196.195	9.791
197.195	14.925
198.195	14.105
199.195	13.846
200.195	3.817
201.195	9.915
202.195	20.603
203.195	4.356
204.195	0.0
205.195	0.0
206.195	0.0
207.196	20.995
208.195	15.372
209.195	9.188
210.195	12.782
211.196	13.512
212.196	14.147
213.196	12.327
214.195	14.903
215.195	14.488
216.195	13.708
217.196	15.567
218.196	18.271
219.195	24.744
220.196	26.375
221.195	25.587
222.195	28.053
223.195	27.751
224.195	29.442
225.195	22.41
226.195	12.217
227.195	41.82
228.195	32.56
229.195	25.992
230.196	23.546
231.195	27.048
232.196	22.506
233.196	26.42
234.195	22.165
235.195	31.295
236.195	24.681
237.195	18.002
238.195	20.484
239.195	26.604
240.195	25.531
241.196	24.732
242.196	28.745
243.195	25.085
244.195	27.73
245.196	35.384
246.195	33.882
247.195	41.553
248.195	32.765
249.195	31.454
250.195	21.516
251.196	25.775
252.195	28.428
253.195	18.295
254.195	35.333
255.195	3.795
256.195	19.929
257.195	17.333
258.19599999999997	17.53
259.195	14.732
260.195	14.144
261.195	16.108
262.19599999999997	16.618
263.19599999999997	14.216
264.195	5.311
265.19599999999997	18.22
266.195	13.726
267.195	2.105
268.195	21.417
269.195	15.077
270.19599999999997	15.555
271.19599999999997	16.074
272.195	16.013
273.195	25.326
274.195	28.177
275.195	22.128
276.195	20.953
277.195	10.967
278.19599999999997	1.37
279.195	28.987
280.195	40.881
281.195	23.464
282.19599999999997	28.275
283.19599999999997	24.504
284.195	16.31
285.19599999999997	21.752
286.195	29.334
287.19599999999997	24.563
288.195	31.094
289.195	32.051
290.195	29.925
291.195	25.87
292.195	43.756
293.195	34.716
294.19599999999997	33.798
295.195	20.457
296.195	21.944
297.195	48.518
298.195	43.643
299.19599999999997	37.715
300.195	31.047
301.195	34.39
302.195	40.869
303.19599999999997	55.22
304.195	39.782
305.195	23.118
306.195	36.019
307.19599999999997	33.128
308.195	59.755
309.195	39.691
310.195	45.588
311.195	28.04
312.19599999999997	35.028
313.19599999999997	56.573
314.19599999999997	59.271
315.195	47.333
316.19599999999997	35.562
317.195	29.838
318.19599999999997	43.987
319.195	34.025
320.195	29.913
321.195	21.868
322.19599999999997	31.489
323.195	22.3
324.19599999999997	18.135
325.195	16.736
326.195	15.216
327.195	5.333
328.21	0.0
329.195	23.897
330.195	8.648
331.195	2.307
332.195	16.499
333.195	6.144
334.195	6.09
335.195	7.672
336.195	10.007
337.195	7.659
338.19599999999997	8.339
339.19599999999997	6.494
340.19599999999997	5.688
341.195	5.661
342.195	0.0
343.19599999999997	20.904
344.19599999999997	11.167
345.195	10.972
346.195	10.605
347.195	5.645
348.19599999999997	2.752
349.195	0.0
350.195	15.83
351.195	4.475
352.195	2.113
353.195	14.791
354.19599999999997	9.628
355.195	7.656
356.195	5.737
357.195	6.125
358.195	7.149
359.195	9.295
360.195	7.872
361.195	8.314
362.195	8.014
363.19599999999997	8.972
364.19599999999997	12.262
365.195	12.002
366.195	14.202
367.195	13.371
368.195	13.668
369.195	14.347
370.195	14.479
371.195	13.828
372.195	14.795
373.195	15.685
374.19599999999997	13.257
375.195	14.157
376.195	12.935
377.195	1.019
378.195	25.004
379.19599999999997	15.155
380.19699999999995	15.233
381.19499999999994	19.634
382.1959999999999	12.628
383.1959999999999	14.465
384.19499999999994	12.25
385.19499999999994	0.0
386.19499999999994	24.941
387.19499999999994	11.486
388.19499999999994	9.211
389.1959999999999	1.856
390.19499999999994	0.549
391.19499999999994	0.0
392.1959999999999	0.309
393.1959999999999	29.627
394.1959999999999	8.992
395.19499999999994	11.796
396.1959999999999	9.801
397.1959999999999	9.641
398.1959999999999	8.527
399.19499999999994	9.589
400.19499999999994	9.595
401.19499999999994	8.007
402.19499999999994	12.525
403.19499999999994	6.815
404.19499999999994	1.811
405.19499999999994	0.0
406.1959999999999	15.076
407.1959999999999	11.259
408.19499999999994	13.644
409.19499999999994	16.566
410.1959999999999	14.579
411.1959999999999	18.437
412.19499999999994	18.677
413.19499999999994	16.305
414.19499999999994	11.927
415.19499999999994	8.068
416.19499999999994	18.866
417.19499999999994	21.176
418.1959999999999	24.14
419.19499999999994	24.132
420.19499999999994	22.366
421.19499999999994	16.65
422.19499999999994	14.407
423.19499999999994	15.998
424.1959999999999	15.057
425.1969999999999	15.149
426.1959999999999	16.289
427.19499999999994	18.683
428.19499999999994	20.613
429.19499999999994	13.469
430.19499999999994	4.944
431.1959999999999	2.495
432.19499999999994	11.305
433.19499999999994	1.056
434.19499999999994	0.0
435.19499999999994	22.538
436.19499999999994	8.432
437.19499999999994	6.425
438.19499999999994	30.905
439.19499999999994	15.085
440.1959999999999	14.583
441.19499999999994	12.402
442.19499999999994	16.305
443.1959999999999	18.892
444.1959999999999	21.128
445.1959999999999	23.428
446.1959999999999	21.624
447.1959999999999	20.309
448.19499999999994	22.86
449.19499999999994	17.49
450.19499999999994	21.452
451.19499999999994	20.037
452.19499999999994	19.0
453.19499999999994	18.933
454.1959999999999	20.441
455.1959999999999	18.07
456.19499999999994	19.341
457.19499999999994	18.445
458.19499999999994	18.526
459.19499999999994	18.036
460.19499999999994	16.871
461.19499999999994	12.338
462.1959999999999	13.479
463.19499999999994	20.133
464.19499999999994	0.0
465.1959999999999	32.33
466.1959999999999	13.072
467.19499999999994	16.294
468.1959999999999	15.344
469.19499999999994	14.569
470.19499999999994	8.295
471.1959999999999	0.0
472.1959999999999	7.016
473.19499999999994	0.582
474.19499999999994	0.0
475.19499999999994	19.605
476.19499999999994	5.553
477.19499999999994	3.247
478.19499999999994	25.228
479.19499999999994	12.158
480.19499999999994	10.799
481.1959999999999	6.394
482.1959999999999	0.043
483.19499999999994	7.712
484.1959999999999	21.37
485.1959999999999	13.617
486.19499999999994	16.3
487.1959999999999	16.941
488.19499999999994	12.886
489.19499999999994	10.46
490.1959999999999	10.157
491.19499999999994	7.745
492.1959999999999	5.37
493.1959999999999	0.0
494.19499999999994	16.881
495.1959999999999	7.807
496.1959999999999	3.659
497.19499999999994	0.0
498.1959999999999	11.561
499.19499999999994	5.445
500.19499999999994	5.795
501.1959999999999	5.37
502.1959999999999	2.525
503.19499999999994	0.0
504.19499999999994	0.0
505.19499999999994	0.0
506.19499999999994	0.183
507.1959999999999	28.439
508.19499999999994	7.597
509.19499999999994	8.488
510.19499999999994	8.151
511.19499999999994	5.742
512.1959999999999	7.308
513.1949999999999	7.289
514.1949999999999	6.47
515.1949999999999	5.009
516.1959999999999	0.0
517.1959999999999	5.386
518.1949999999999	12.423
519.1949999999999	4.68
520.1949999999999	5.737
521.1949999999999	7.185
522.1959999999999	5.456
523.1959999999999	0.808
524.1959999999999	2.504
525.1949999999999	11.075
526.1949999999999	0.807
527.1959999999999	9.186
528.1949999999999	4.734
529.1949999999999	3.073
530.1949999999999	6.524
531.1949999999999	5.721
532.1949999999999	2.862
533.1949999999999	0.581
534.1959999999999	0.0
535.1949999999999	0.775
536.1959999999999	0.0
537.1949999999999	0.0
538.1959999999999	15.257
539.1949999999999	9.075
540.1949999999999	4.809
541.1949999999999	6.33
542.1949999999999	3.957
543.1949999999999	2.987
544.1949999999999	0.861
545.1959999999999	0.0
546.1949999999999	11.592
547.1949999999999	5.424
548.1949999999999	2.208
549.1959999999999	1.155
550.1949999999999	0.0
551.1959999999999	1.7
552.1959999999999	3.36
553.1949999999999	7.013
554.1959999999999	3.627
555.1949999999999	3.386
556.1949999999999	7.236
557.1949999999999	7.358
558.1959999999999	4.712
559.1949999999999	4.318
560.1949999999999	8.446
561.1959999999999	7.675
562.1959999999999	7.548
563.1949999999999	4.992
564.1949999999999	4.432
565.1949999999999	4.033
566.1949999999999	5.095
567.1959999999999	4.782
568.1949999999999	0.862
569.1949999999999	2.523
570.1949999999999	9.943
571.1959999999999	1.554
572.1949999999999	0.0
573.1959999999999	14.45
574.1959999999999	9.186
575.1949999999999	9.759
576.1949999999999	7.767
577.1959999999999	2.018
578.1949999999999	7.433
579.1959999999999	4.205
580.1959999999999	4.27
581.1959999999999	5.084
582.1949999999999	5.618
583.1949999999999	3.274
584.1949999999999	3.727
585.1959999999999	4.073
586.1949999999999	7.034
587.1959999999999	8.948
588.1949999999999	11.278
589.1949999999999	10.635
590.1959999999999	8.344
591.1949999999999	4.712
592.1949999999999	7.045
593.1959999999999	5.173
594.1949999999999	6.554
595.1949999999999	1.346
596.1959999999999	16.634
597.1949999999999	8.983
598.1949999999999	9.651
599.1949999999999	11.83
600.1949999999999	11.9
601.1949999999999	11.533
602.1949999999999	10.45
603.1959999999999	4.49
604.1949999999999	0.399
605.1949999999999	16.493
606.1959999999999	13.925
607.1949999999999	12.249
608.1959999999999	14.098
609.1949999999999	19.945
610.1949999999999	15.615
611.1959999999999	15.522
612.1949999999999	18.54
613.1959999999999	18.642
614.1949999999999	13.674
615.1949999999999	8.896
616.1949999999999	9.295
617.1949999999999	8.756
618.1949999999999	10.169
619.1949999999999	9.075
620.1959999999999	6.125
621.1959999999999	11.997
622.1959999999999	20.223
623.1949999999999	27.553
624.1949999999999	29.492
625.1949999999999	24.17
626.1959999999999	19.567
627.1959999999999	15.038
628.1959999999999	13.791
629.1949999999999	13.268
630.1949999999999	9.975
631.1949999999999	10.45
632.1959999999999	11.438
633.1949999999999	27.317
634.199	34.775
635.1949999999999	24.807
636.1949999999999	16.238
637.1969999999999	12.925
638.1949999999999	20.154
639.1949999999999	12.206
640.1949999999999	14.003
641.1949999999999	9.796
642.1949999999999	2.437
643.1949999999999	15.52
644.1949999999999	25.46
645.1959999999999	20.704
646.1949999999999	33.65
647.1949999999999	39.059
648.1959999999999	34.572
649.1949999999999	55.429
650.1949999999999	34.485
651.1959999999999	32.036
652.1949999999999	23.315
653.1949999999999	22.492
654.1949999999999	33.423
655.1949999999999	39.162
656.1949999999999	46.111
657.1949999999999	35.441

