0.0	5.544
0.734	9.665
1.734	11.967
2.735	7.128
3.735	20.995
4.734	10.956
5.734	12.293
6.734	12.531
7.734	32.371
8.734	20.718
9.735	22.507
10.734	28.308
11.734	16.262
12.734	8.112
13.735	15.001
14.735	25.301
15.734	10.897
16.735	14.293
17.733999999999998	20.526
18.733999999999998	27.137
19.733999999999998	22.061
20.733999999999998	41.501
21.735	40.847
22.733999999999998	52.596
23.733999999999998	52.455
24.733999999999998	37.474
25.733999999999998	13.893
26.735	9.184
27.733999999999998	41.346
28.735	49.791
29.733999999999998	42.866
30.735	33.599
31.735	12.5
32.734	35.425
33.734	20.327
34.734	1.876
35.734	20.254
36.734	15.812
37.735	7.095
38.735	8.117
39.734	10.247
40.735	6.798
41.734	7.926
42.734	3.332
43.734	4.022
44.734	4.901
45.735	8.7
46.734	24.857
47.734	33.063
48.734	30.141
49.734	23.76
50.734	28.624
51.734	19.838
52.735	18.642
53.734	20.004
54.734	19.399
55.735	20.952
56.734	38.793
57.735	33.984
58.735	36.828
59.734	39.052
60.734	37.353
61.734	28.049
62.734	12.713
63.734	56.688
64.73400000000001	60.555
65.73400000000001	37.135
66.73400000000001	31.686
67.73400000000001	28.042
68.73400000000001	18.526
69.73400000000001	31.655
70.73400000000001	42.322
71.73400000000001	36.432
72.73400000000001	38.636
73.73400000000001	31.532
74.73400000000001	34.02
75.73500000000001	31.335
76.73500000000001	27.847
77.73400000000001	51.658
78.73400000000001	45.073
79.73500000000001	38.878
80.73400000000001	39.244
81.73400000000001	32.582
82.73400000000001	41.579
83.73400000000001	14.711
84.73400000000001	54.575
85.73400000000001	48.547
86.73400000000001	26.505
87.73400000000001	23.545
88.73400000000001	29.185
89.73400000000001	24.681
90.73400000000001	20.402
91.73400000000001	20.77
92.73400000000001	19.142
93.73400000000001	16.121
94.73400000000001	24.548
95.73400000000001	21.898
96.73400000000001	6.847
97.73400000000001	10.115
98.73400000000001	14.612
99.73400000000001	28.021
100.73500000000001	19.978
101.73400000000001	20.809
102.73400000000001	34.295
103.73800000000001	33.04
104.73400000000001	17.753
105.73400000000001	27.683
106.73400000000001	39.248
107.73400000000001	45.965
108.73500000000001	46.905
109.73400000000001	46.285
110.73500000000001	54.219
111.73400000000001	25.903
112.73500000000001	33.21
113.73400000000001	48.644
114.73500000000001	33.582
115.73500000000001	43.975
116.73500000000001	28.778
117.73400000000001	43.876
118.73400000000001	38.217
119.73400000000001	37.0
120.73500000000001	36.324
121.73400000000001	25.552
122.73500000000001	43.112
123.73600000000002	38.79
124.73400000000002	41.359
125.73600000000002	38.175
126.73400000000002	26.904
127.73500000000003	39.852
128.73400000000004	37.37
129.73400000000004	53.431
130.73400000000004	35.847
131.73400000000004	35.361
132.73400000000004	29.818
133.73400000000004	46.398
134.73500000000004	45.327
135.73400000000004	32.352
136.73400000000004	39.871
137.73500000000004	31.16
138.73400000000004	40.599
139.73400000000004	18.839
140.73400000000004	19.508
141.73400000000004	12.863
142.73500000000004	6.401
143.73400000000004	0.0
144.73400000000004	0.0
145.73500000000004	0.0
146.73400000000004	28.804
147.73400000000004	5.311
148.73400000000004	6.108
149.73400000000004	6.244
150.73400000000004	19.119
151.73400000000004	4.352
152.73500000000004	7.189
153.73400000000004	17.978
154.73500000000004	22.692
155.73400000000004	13.512
156.73400000000004	16.848
157.73500000000004	26.571
158.73500000000004	11.204
159.73400000000004	2.717
160.73400000000004	2.631
161.73400000000004	0.969
162.73500000000004	0.172
163.73400000000004	2.421
164.73400000000004	3.11
165.73400000000004	0.959
166.73400000000004	0.064
167.73400000000004	0.377
168.73400000000004	7.358
169.73500000000004	0.993
170.73400000000004	0.086
171.73500000000004	0.68
172.73400000000004	0.312
173.73400000000004	0.0
174.73400000000004	0.0
175.73500000000004	0.0
176.73500000000004	1.552
177.73400000000004	41.796
178.73500000000004	30.558
179.73400000000004	38.16
180.73500000000004	28.908
181.73400000000004	38.692
182.73400000000004	39.445
183.73500000000004	32.185
184.73400000000004	33.873
185.73400000000004	34.423
186.73400000000004	17.144
187.73400000000004	17.437
188.73400000000004	24.576
189.73400000000004	6.621
190.73400000000004	17.415
191.73500000000004	15.135
192.73500000000004	6.836
193.73500000000004	18.707
194.73400000000004	14.043
195.73400000000004	18.505
196.73500000000004	12.187
197.73400000000004	3.422
198.73600000000005	1.62
199.73400000000004	5.823
200.73400000000004	2.62
201.73400000000004	31.221
202.73500000000004	19.992
203.73500000000004	30.911
204.73400000000004	26.808
205.73500000000004	34.597
206.73400000000004	31.606
207.73500000000004	15.006
208.73400000000004	12.655
209.73400000000004	12.989
210.73400000000004	6.923
211.73400000000004	3.817
212.73400000000004	0.0
213.73400000000004	0.0
214.73400000000004	0.0
215.73400000000004	5.533
216.73400000000004	43.164
217.73400000000004	30.909
218.73400000000004	42.535
219.73400000000004	28.337
220.73400000000004	51.006
221.73400000000004	31.34
222.73400000000004	34.389
223.73400000000004	32.014
224.73400000000004	37.388
225.73400000000004	45.975
226.73400000000004	23.396
227.73400000000004	11.984
228.73400000000004	32.146
229.73400000000004	33.647
230.73400000000004	27.953
231.73400000000004	17.34
232.73400000000004	34.329
233.73400000000004	30.742
234.73500000000004	28.287
235.73400000000004	35.691
236.73500000000004	48.072
237.73400000000004	54.82
238.73400000000004	31.835
239.73500000000004	43.712
240.73500000000004	40.264
241.73500000000004	30.745
242.73500000000004	24.393
243.73500000000004	25.299
244.73500000000004	26.015
245.73400000000004	22.912
246.73500000000004	23.689
247.73400000000004	19.752
248.73400000000004	16.262
249.73400000000004	16.575
250.73400000000004	6.977
251.73400000000004	19.207
252.73400000000004	19.842
253.73500000000004	36.208
254.73500000000004	25.641
255.73400000000004	20.498
256.735	22.66
257.735	15.323
258.73400000000004	14.536
259.73400000000004	6.756
260.73400000000004	0.145
261.73400000000004	0.0
262.73400000000004	2.683
263.73400000000004	24.532
264.735	0.0
265.73400000000004	1.973
266.73400000000004	27.245
267.735	6.563
268.73400000000004	3.9
269.735	18.674
270.73400000000004	9.058
271.73400000000004	5.4
272.73400000000004	7.069
273.735	24.361
274.735	23.16
275.73400000000004	6.324
276.73400000000004	4.928
277.73400000000004	2.706
278.73400000000004	3.353
279.73400000000004	4.626
280.73400000000004	6.517
281.735	5.765
282.73400000000004	4.786
283.73400000000004	7.203
284.73400000000004	10.191
285.735	6.988
286.735	11.215
287.73400000000004	13.628
288.735	17.296
289.73400000000004	12.56
290.73400000000004	17.75
291.73400000000004	27.359
292.73400000000004	31.318
293.735	36.603
294.73400000000004	30.995
295.735	21.103
296.73400000000004	11.107
297.735	12.862
298.73400000000004	22.182
299.73400000000004	9.932
300.73400000000004	9.791
301.73400000000004	16.58
302.73400000000004	25.811
303.73400000000004	19.494
304.73400000000004	26.467
305.73400000000004	15.695
306.73400000000004	6.168
307.73400000000004	3.242
308.735	7.009
309.735	7.167
310.73400000000004	10.6
311.735	12.716
312.736	6.613
313.735	10.73
314.735	11.518
315.73400000000004	0.0
316.73400000000004	0.549
317.735	27.626
318.735	39.243
319.73400000000004	29.559
320.735	17.627
321.73400000000004	26.114
322.735	23.333
323.73400000000004	22.489
324.73400000000004	41.5
325.73400000000004	38.839
326.73400000000004	23.27
327.735	15.543
328.73400000000004	25.959
329.73400000000004	12.128
330.735	17.462
331.73400000000004	10.582
332.73400000000004	18.02
333.73400000000004	17.878
334.73400000000004	15.326
335.73400000000004	13.238
336.735	21.244
337.735	34.51
338.735	25.713
339.73400000000004	31.704
340.73400000000004	23.511
341.73400000000004	41.052
342.735	18.642
343.73400000000004	12.438
344.73400000000004	21.494
345.73400000000004	33.919
346.73400000000004	21.427
347.735	43.16
348.73400000000004	38.907
349.73400000000004	33.52
350.735	35.868
351.73400000000004	30.46
352.73400000000004	25.151
353.735	36.004
354.73400000000004	27.824
355.735	35.331
356.73400000000004	24.839
357.73400000000004	32.211
358.735	36.948
359.73400000000004	23.64
360.73400000000004	38.412
361.73400000000004	32.393
362.73400000000004	41.954
363.73400000000004	56.688
364.73400000000004	35.926
365.735	32.718
366.735	57.155
367.73400000000004	43.794
368.73400000000004	34.991
369.73400000000004	28.807
370.735	40.315
371.73400000000004	31.805
372.73400000000004	30.179
373.735	31.03
374.735	29.107
375.73400000000004	32.187
376.735	29.409
377.73400000000004	26.998
378.735	21.22
379.73400000000004	14.048
380.735	15.327
381.73400000000004	6.518
382.735	0.0
383.735	9.08
384.735	0.96
385.73400000000004	0.0
386.735	24.678
387.735	14.535
388.73400000000004	21.789
389.735	15.894
390.73400000000004	7.009
391.73400000000004	19.025
392.735	15.9
393.73400000000004	19.065
394.73400000000004	18.767
395.735	16.186
396.735	28.037
397.73400000000004	28.621
398.735	15.627
399.73400000000004	15.262
400.73400000000004	21.552
401.735	19.185
402.73400000000004	18.981
403.73400000000004	20.64
404.73400000000004	22.591
405.735	16.591
406.73400000000004	20.904
407.73400000000004	18.034
408.735	20.234
409.73400000000004	12.078
410.73400000000004	7.786
411.73400000000004	4.162
412.73400000000004	6.205
413.735	2.407
414.73400000000004	1.153
415.73400000000004	4.065
416.73400000000004	4.61
417.735	10.201
418.73400000000004	15.011
419.73400000000004	17.102
420.735	11.464
421.73400000000004	9.79
422.73400000000004	7.679
423.73400000000004	19.378
424.73400000000004	14.619
425.735	19.463
426.73400000000004	23.559
427.73400000000004	26.876
428.735	22.788
429.73400000000004	16.451
430.73400000000004	20.888
431.735	18.192
432.735	16.095
433.73400000000004	15.987
434.73400000000004	21.173
435.73400000000004	17.373
436.73400000000004	20.597
437.73400000000004	19.182
438.735	27.536
439.73400000000004	21.062
440.73400000000004	8.553
441.735	9.693
442.73400000000004	11.775
443.735	1.589
444.73400000000004	17.359
445.73400000000004	1.86
446.737	12.73
447.73400000000004	16.551
448.73400000000004	13.867
449.735	18.03
450.735	17.337
451.73400000000004	18.11
452.737	10.745
453.73400000000004	27.218
454.73400000000004	18.917
455.735	9.003
456.73400000000004	56.066
457.73400000000004	21.469
458.73400000000004	30.432
459.73400000000004	21.363
460.73400000000004	33.235
461.73400000000004	26.485
462.73400000000004	33.894
463.73400000000004	32.443
464.73400000000004	33.456
465.73400000000004	31.188
466.735	32.766
467.735	28.854
468.73400000000004	37.498
469.73400000000004	33.321
470.73400000000004	29.036
471.735	39.672
472.73400000000004	37.436
473.73400000000004	25.894
474.73400000000004	42.237
475.73400000000004	30.113
476.73400000000004	30.211
477.735	18.241
478.73400000000004	35.964
479.73400000000004	30.325
480.73400000000004	31.952
481.73400000000004	45.538
482.73400000000004	43.378
483.73400000000004	45.029
484.735	28.623
485.73400000000004	33.121
486.73400000000004	22.469
487.73400000000004	41.271
488.73400000000004	31.917
489.735	39.232
490.73400000000004	31.058
491.735	25.519
492.73400000000004	53.968
493.73400000000004	54.28
494.73400000000004	52.838
495.73400000000004	45.187
496.73400000000004	47.48
497.73400000000004	29.085
498.735	50.562
499.73400000000004	40.297
500.73400000000004	38.947
501.73400000000004	43.646
502.73400000000004	29.756
503.735	36.086
504.73400000000004	44.093

