0.0	0.0
0.047	5.786
1.046	12.563
2.0460000000000003	31.302
3.047	45.508
4.046	41.946
5.046	24.739
6.046	44.69
7.046	53.021
8.046	48.808
9.046	41.404
10.046999999999999	34.298
11.046	9.109
12.046	38.043
13.046	30.787
14.046	5.931
15.046	0.0
16.046	6.764
17.046	15.137
18.046	15.868
19.047	28.814
20.046	33.018
21.046	39.56
22.047	51.152
23.046	60.429
24.047	46.341
25.046	13.698
26.047	18.647
27.046	16.429
28.047	7.545
29.046	17.701
30.046	15.62
31.046	20.021
32.047	31.473
33.047	16.623
34.046	19.022
35.046	17.265
36.046	24.345
37.046	29.63
38.047	22.648
39.046	34.691
40.047	27.685
41.046	25.647
42.046	26.688
43.046	23.712
44.047	26.749
45.046	23.606
46.046	24.921
47.046	14.516
48.046	10.535
49.046	5.806
50.046	39.215
51.047	34.469
52.046	40.363
53.046	47.771
54.046	39.814
55.046	31.824
56.047	7.308
57.047	22.271
58.046	49.866
59.046	21.611
60.046	22.117
61.046	24.792
62.046	41.068
63.046	47.251
64.047	42.472
65.04599999999999	51.319
66.04599999999999	31.334
67.04599999999999	40.402
68.04599999999999	65.912
69.04599999999999	62.36
70.047	63.371
71.04599999999999	35.586
72.04599999999999	32.342
73.047	61.763
74.04599999999999	63.113
75.047	56.559
76.04599999999999	28.512
77.04599999999999	15.647
78.04599999999999	41.515
79.04599999999999	54.594
80.047	44.944
81.04599999999999	35.424
82.04599999999999	33.357
83.047	64.191
84.04599999999999	58.523
85.047	55.853
86.04599999999999	20.863
87.04599999999999	15.728
88.04599999999999	32.276
89.04599999999999	59.588
90.04599999999999	64.538
91.04599999999999	37.199
92.04599999999999	26.55
93.047	38.301
94.04599999999999	20.552
95.04599999999999	11.291
96.04599999999999	19.74
97.04599999999999	20.217
98.047	27.69
99.047	17.604
100.04599999999999	22.493
101.04599999999999	19.457
102.04599999999999	16.893
103.04599999999999	17.027
104.04599999999999	14.752
105.04599999999999	18.166
106.04599999999999	14.372
107.047	6.982
108.04599999999999	11.876
109.047	12.381
110.04599999999999	8.629
111.047	7.491
112.04599999999999	7.904
113.04599999999999	12.034
114.04599999999999	5.995
115.04599999999999	9.414
116.04599999999999	6.928
117.047	6.761
118.04599999999999	6.394
119.04599999999999	10.773
120.047	10.729
121.04599999999999	7.494
122.04599999999999	4.809
123.04599999999999	5.02
124.047	3.089
125.047	2.579
126.04599999999999	3.688
127.04599999999999	5.51
128.046	7.516
129.046	11.161
130.047	2.72
131.046	0.0
132.046	0.0
133.046	0.0
134.046	23.692
135.046	25.164
136.046	28.921
137.046	51.775
138.046	38.525
139.046	34.507
140.047	26.09
141.046	21.114
142.046	41.893
143.046	33.54
144.046	19.565
145.046	39.988
146.046	24.916
147.047	24.355
148.046	22.463
149.046	3.558
150.046	0.0
151.046	0.0
152.047	0.0
153.046	0.0
154.047	0.0
163.046	4.906
164.046	7.019
165.046	16.186
166.046	24.969
167.046	39.425
168.047	50.326
169.046	48.527
170.046	53.818
171.046	57.759
172.046	15.4
173.046	23.134
174.046	17.661
175.046	42.817
176.047	62.226
177.047	43.034
178.046	41.802
179.047	62.98
180.047	58.294
181.047	63.338
182.046	41.582
183.046	31.817
184.046	58.759
185.047	61.149
186.046	50.088
187.046	37.617
188.046	33.357
189.046	58.933
190.046	64.536
191.046	43.121
192.047	32.931
193.047	29.914
194.046	62.603
195.046	35.518
196.046	23.994
197.046	29.768
198.046	20.808
199.046	23.142
200.046	9.792
201.047	19.851
202.046	3.91
203.047	6.045
204.046	3.148
205.046	0.0
206.046	0.0
207.046	0.0
208.047	22.754
209.047	17.006
210.047	12.091
211.048	13.417
212.046	15.669
213.046	13.296
214.046	8.637
215.046	3.644
216.051	23.728
217.046	14.547
218.046	17.502
219.046	12.897
220.046	22.714
221.046	40.186
222.046	37.681
223.046	42.781
224.047	44.166
225.046	61.456
226.046	60.456
227.046	62.884
228.047	48.709
229.046	28.868
230.046	37.732
231.046	42.937
232.047	46.124
233.046	27.158
234.046	37.4
235.047	39.649
236.047	24.666
237.046	41.168
238.046	38.647
239.046	35.274
240.046	49.9
241.047	54.678
242.047	40.569
243.046	26.384
244.047	25.622
245.046	16.605
246.047	25.907
247.046	11.08
248.046	25.071
249.047	41.462
250.047	22.244
251.046	17.516
252.046	20.586
253.046	15.895
254.046	12.86
255.046	29.264
256.04699999999997	26.047
257.046	21.061
258.046	19.698
259.046	22.174
260.046	20.133
261.046	15.988
262.04699999999997	12.575
263.046	20.954
264.046	14.966
265.046	8.995
266.04699999999997	13.763
267.046	0.021
268.046	0.0
269.046	23.992
270.04699999999997	20.585
271.046	2.76
272.046	7.699
273.046	9.975
274.046	15.438
275.04699999999997	9.596
276.046	17.021
277.04699999999997	20.056
278.046	11.808
279.046	13.329
280.046	13.229
281.04699999999997	5.051
282.046	21.363
283.046	24.759
284.046	16.998
285.04699999999997	23.071
286.046	23.089
287.046	27.589
288.04699999999997	19.73
289.046	31.858
290.04699999999997	14.202
291.04699999999997	3.681
292.046	1.674
293.07	5.159
294.046	6.485
295.04699999999997	7.264
296.046	9.685
297.04699999999997	1.057
298.046	0.0
299.046	16.694
300.046	33.072
301.04699999999997	29.796
302.04699999999997	19.463
303.046	22.414
304.046	21.853
305.046	20.695
306.04699999999997	24.372
307.046	29.575
308.04699999999997	20.292
309.04699999999997	20.46
310.04699999999997	18.038
311.046	16.213
312.04699999999997	22.404
313.046	26.843
314.046	19.845
315.046	27.99
316.046	22.953
317.046	29.044
318.04699999999997	20.278
319.046	19.75
320.046	7.709
321.046	11.184
322.046	29.246
323.046	13.74
324.046	15.27
325.046	15.133
326.046	12.978
327.046	9.015
328.046	9.964
329.046	7.71
330.046	4.169
331.04699999999997	24.744
332.04699999999997	9.063
333.046	20.972
334.046	17.822
335.046	22.929
336.046	17.189
337.046	19.331
338.04699999999997	19.793
339.046	23.099
340.046	21.557
341.046	15.399
342.046	12.423
343.046	14.877
344.04699999999997	23.413
345.046	17.097
346.04699999999997	39.529
347.046	41.319
348.046	34.475
349.046	23.335
350.04699999999997	38.856
351.046	26.259
352.046	27.229
353.046	32.216
354.046	28.422
355.046	47.11
356.046	42.126
357.046	48.263
358.04699999999997	49.329
359.046	45.039
360.046	30.869
361.04699999999997	59.992
362.046	35.321
363.04699999999997	17.43
364.04699999999997	23.349
365.046	39.559
366.046	44.529
367.046	35.385
368.046	44.532
369.046	38.196
370.04699999999997	35.424
371.046	27.231
372.046	32.688
373.04699999999997	32.209
374.046	26.963
375.046	29.222
376.046	18.728
377.046	21.88
378.046	19.297
379.046	15.604
380.046	8.788
381.046	2.911
382.046	2.585
383.04699999999997	0.0
384.046	21.59
385.046	8.079
386.04699999999997	3.713
387.046	0.0
388.046	7.624
389.046	14.381
390.04699999999997	3.898
391.046	19.745
392.04699999999997	12.651
393.046	12.055
394.04699999999997	3.535
395.04699999999997	18.388
396.04699999999997	12.8
397.04699999999997	17.228
398.046	20.246
399.046	21.352
400.046	27.466
401.046	25.32
402.046	26.895
403.046	18.591
404.046	29.354
405.046	25.46
406.046	30.201
407.046	18.75
408.04699999999997	29.695
409.046	20.131
410.04699999999997	18.68
411.046	13.286
412.046	19.044
413.046	7.095
414.046	18.055
415.04699999999997	6.482
416.046	12.491
417.04699999999997	10.06
418.046	11.053
419.046	33.301
420.046	26.447
421.046	36.449
422.046	19.508
423.046	28.189
424.046	15.02
425.046	26.687
426.046	30.911
427.046	29.345
428.046	25.681
429.046	22.434
430.046	20.64
431.046	22.542
432.04699999999997	27.068
433.046	23.287
434.046	27.747
435.046	22.759
436.046	24.622
437.04699999999997	14.151
438.046	12.099
439.046	9.673
440.046	19.542
441.04699999999997	23.046
442.046	17.599
443.046	16.014
444.046	19.68
445.046	7.179
446.046	14.776
447.046	10.611
448.046	9.177
449.046	7.052
450.046	16.117
451.046	22.478
452.046	15.582
453.046	25.73
454.046	8.909
455.04699999999997	5.17
456.046	10.611
457.046	15.528
458.046	11.959
459.046	7.43
460.046	25.069
461.04699999999997	19.776
462.046	17.709
463.046	41.743
464.046	29.244
465.046	17.051
466.046	29.655
467.046	19.102
468.046	30.396
469.046	8.336
470.046	14.515
471.046	11.527
472.04699999999997	15.992
473.04699999999997	26.562
474.046	31.751
475.046	18.636
476.04699999999997	29.017
477.046	44.353
478.04699999999997	30.773
479.04699999999997	32.507
480.046	19.14
481.046	20.177
482.046	27.176
483.04699999999997	33.726
484.04699999999997	18.278
485.04699999999997	24.234
486.046	21.385
487.04699999999997	25.14
488.046	23.401
489.046	19.147
490.046	14.751
491.046	26.729
492.046	20.063
493.046	13.893
494.04699999999997	23.611
495.046	13.264
496.046	19.376
497.046	20.988
498.04699999999997	23.697
499.046	25.721
500.046	21.684
501.046	18.255
502.046	12.97

