0.0	0.0
0.155	12.748
1.154	14.398
2.155	11.274
3.154	19.401
4.154	43.862
5.154999999999999	27.466
6.153999999999999	24.734
7.153999999999999	13.13
8.154	9.633
9.154	37.776
10.154	40.271
11.154	28.551
12.154	35.346
13.154	28.597
14.154	38.897
15.155	37.783
16.154	39.337
17.154	33.581
18.154	26.926
19.154	45.482
20.154	35.072
21.155	25.01
22.154	32.482
23.154	22.149
24.154	8.519
25.154	14.224
26.154	33.194
27.154	21.987
28.155	21.415
29.154	27.035
30.154	21.718
31.154	15.561
32.153999999999996	15.642
33.154999999999994	11.086
34.153999999999996	7.139
35.153999999999996	11.893
36.154999999999994	0.949
37.153999999999996	14.59
38.153999999999996	2.124
39.153999999999996	5.074
40.153999999999996	10.299
41.153999999999996	7.153
42.153999999999996	17.324
43.153999999999996	19.149
44.154999999999994	20.392
45.154999999999994	19.441
46.153999999999996	21.854
47.153999999999996	24.539
48.153999999999996	25.09
49.154999999999994	26.242
50.153999999999996	16.579
51.154999999999994	24.745
52.154999999999994	22.269
53.153999999999996	9.015
54.154999999999994	27.77
55.154999999999994	15.554
56.154999999999994	25.686
57.153999999999996	16.037
58.153999999999996	22.024
59.153999999999996	15.696
60.153999999999996	22.535
61.153999999999996	16.093
62.153999999999996	17.108
63.153999999999996	12.779
64.154	2.232
65.154	5.898
66.154	15.405
67.155	23.532
68.154	22.43
69.154	19.123
70.155	7.091
71.154	2.771
72.154	22.568
73.155	34.79
74.154	32.289
75.155	30.982
76.155	25.961
77.154	29.438
78.154	30.588
79.155	36.366
80.154	36.176
81.155	33.345
82.154	33.302
83.154	28.842
84.155	37.606
85.154	31.503
86.154	16.704
87.154	36.892
88.154	12.55
89.154	43.623
90.155	16.499
91.155	45.583
92.155	12.953
93.154	26.338
94.154	29.215
95.154	29.712
96.154	14.766
97.155	18.602
98.154	11.497
99.154	21.02
100.154	32.646
101.154	28.158
102.154	41.204
103.154	26.203
104.154	44.793
105.154	30.244
106.154	31.972
107.155	31.623
108.154	22.496
109.155	27.844
110.154	30.637
111.154	24.522
112.154	41.707
113.158	47.249
114.154	37.027
115.154	59.128
116.155	47.315
117.154	52.46
118.154	43.487
119.155	23.534
120.154	57.901
121.154	62.357
122.154	58.645
123.155	43.805
124.154	28.344
125.154	56.786
126.154	58.523
127.154	44.311
128.154	25.752
129.154	6.641
130.154	57.023
131.155	56.512
132.154	58.328
133.154	44.054
134.154	28.414
135.155	63.012
136.155	64.519
137.154	60.178
138.154	46.14
139.155	21.878
140.154	7.741
141.155	57.811
142.154	65.536
143.154	49.43
144.154	33.374
145.154	56.435
146.155	59.107
147.154	59.61
148.155	44.949
149.154	30.834
150.154	47.693
151.154	64.061
152.154	58.898
153.154	37.973
154.155	36.999
155.154	47.316
156.154	62.131
157.155	64.027
158.154	54.045
159.155	26.568
160.154	44.744
161.154	62.439
162.154	61.227
163.154	43.613
164.155	31.144
165.154	44.482
166.154	26.778
167.154	10.042
168.155	37.089
169.154	23.714
170.154	26.571
171.154	42.845
172.154	46.456
173.154	31.995
174.154	29.392
175.154	35.971
176.154	31.545
177.154	31.312
178.154	23.685
179.154	30.774
180.155	36.993
181.154	46.559
182.155	34.037
183.154	33.258
184.154	22.554
185.154	22.536
186.154	26.105
187.154	18.033
188.155	22.161
189.155	12.951
190.155	17.012
191.154	17.477
192.154	20.525
193.154	17.695
194.155	17.253
195.154	30.541
196.154	20.144
197.154	20.586
198.154	23.891
199.154	22.394
200.154	22.904
201.154	13.37
202.154	17.867
203.154	32.235
204.155	30.761
205.154	25.075
206.154	31.675
207.154	23.525
208.155	24.572
209.154	30.392
210.154	33.523
211.155	35.026
212.155	26.783
213.154	46.663
214.154	21.718
215.154	43.445
216.155	37.943
217.154	40.127
218.154	21.159
219.155	22.493
220.154	41.164
221.155	15.465
222.155	14.033
223.154	6.83
224.155	20.412
225.154	30.924
226.154	29.691
227.155	33.95
228.154	13.307
229.154	26.604
230.154	42.767
231.154	39.523
232.154	37.761
233.154	30.566
234.154	29.038
235.154	39.966
236.155	30.522
237.154	47.937
238.155	28.189
239.154	20.801
240.154	37.744
241.154	34.302
242.155	25.27
243.154	29.109
244.155	17.694
245.154	36.038
246.154	25.53
247.154	21.993
248.154	23.596
249.154	24.932
250.154	8.433
251.154	11.01
252.154	10.913
253.155	11.086
254.154	34.612
255.155	31.512
256.155	28.148
257.154	19.199
258.154	26.115
259.154	30.411
260.155	33.911
261.154	25.931
262.155	16.5
263.154	22.585
264.155	13.471
265.154	9.155
266.154	21.463
267.154	2.067
268.154	8.497
269.154	4.626
270.154	20.155
271.154	10.223
272.155	7.793
273.154	8.659
274.154	6.642
275.154	7.336
276.155	6.692
277.154	5.844
278.154	1.779
279.154	6.599
280.154	14.73
281.154	3.774
282.154	3.677
283.154	10.568
284.155	8.788
285.155	4.782
286.154	8.219
287.154	18.011
288.155	12.349
289.154	14.321
290.154	8.681
291.154	11.28
292.154	19.723
293.155	22.892
294.154	16.305
295.154	25.363
296.154	9.489
297.154	11.663
298.154	12.795
299.154	9.511
300.154	3.612
301.154	1.736
302.154	1.455
303.154	5.273
304.154	6.955
305.154	12.768
306.154	11.969
307.155	10.632
308.154	0.0
309.154	27.79
310.154	14.213
311.154	13.623
312.154	1.214
313.154	17.797
314.155	16.861
315.154	13.348
316.155	16.203
317.154	11.548
318.154	16.434
319.154	8.895
320.154	19.051
321.155	19.706
322.155	16.912
323.154	17.043
324.155	17.12
325.154	13.458
326.154	16.483
327.155	17.865
328.154	16.779
329.154	17.545
330.154	17.553
331.155	18.023
332.154	17.071
333.154	17.933
334.154	14.759
335.155	19.454
336.155	14.173
337.154	16.979
338.154	12.531
339.154	18.958
340.154	17.933
341.154	14.752
342.154	19.411
343.154	20.047
344.154	12.874

