0.0	0.547
0.167	17.362
1.166	45.476
2.167	82.054
3.166	92.666
4.166	80.1
5.166	75.581
6.166	75.295
7.167	63.426
8.166	63.046
9.167	51.977
10.167	28.044
11.166	41.107
12.166	70.38
13.167	73.744
14.167	47.05
15.166	7.995
16.166	27.148
17.166	67.485
18.166	37.287
19.166	54.809
20.166	32.26
21.166	52.559
22.166	63.097
23.167	61.747
24.166	60.309
25.166	37.257
26.166	30.408
27.166	41.017
28.166	42.169
29.166	41.481
30.166	27.21
31.166	52.035
32.166	62.585
33.166	37.887
34.166	38.985
35.166	36.732
36.166	14.221
37.166	62.488
38.166	56.33
39.166	41.775
40.166	47.083
41.166	22.849
42.166999999999994	16.99
43.166999999999994	37.966
44.166	58.186
45.166999999999994	60.009
46.166	45.055
47.166999999999994	33.632
48.166	23.337
49.166	15.345
50.166	9.25
51.166999999999994	3.63
52.166	11.991
53.166	11.129
54.166	10.048
55.166	47.959
56.166999999999994	47.485
57.166	26.891
58.166999999999994	27.968
59.166	19.321
60.166999999999994	12.932
61.166	11.155
62.166	26.841
63.166	38.052
64.167	58.806
65.166	51.681
66.167	43.481
67.166	39.567
68.166	35.618
69.166	35.358
70.166	35.129
71.166	31.662
72.167	23.492
73.167	44.481
74.166	20.691
75.166	11.855
76.166	36.309
77.166	29.065
78.166	43.766
79.166	31.054
80.166	44.162
81.166	36.392
82.166	7.751
83.166	36.552
84.166	40.435
85.166	38.684
86.166	39.912
87.166	24.082
88.166	9.493
89.167	64.749
90.167	41.255
91.167	27.073
92.166	7.562
93.166	26.251
94.167	17.256
95.166	12.804
96.166	17.843
97.167	17.395
98.166	16.749
99.166	20.296
100.166	26.182
101.166	21.46
102.167	17.412
103.166	17.728
104.166	14.538
105.167	15.242
106.166	15.798
107.166	20.09
108.166	18.192
109.166	15.927
110.166	6.966
111.166	7.466
112.167	15.729
113.167	19.607
114.166	16.337
115.166	16.063
116.166	23.125
117.166	22.56
118.166	23.342
119.166	17.529
120.167	25.032
121.166	19.868
122.166	22.517
123.166	17.652
124.166	17.722
125.166	19.163
126.166	13.781
127.166	22.705
128.167	23.395
129.167	13.304
130.166	11.533
131.166	18.888
132.166	16.617
133.167	11.206
134.167	8.398
135.167	0.0
136.167	8.185
137.167	3.732
138.167	29.528
139.167	17.053
140.166	19.692
141.167	21.309
142.166	21.645
143.166	27.212
144.167	8.235
145.166	25.988
146.166	14.554
147.167	16.119
148.166	29.584
149.166	24.246
150.166	26.614
151.166	26.372
152.167	27.587
153.166	39.099
154.167	36.793
155.167	32.989
156.166	35.196
157.167	22.064
158.166	22.957
159.167	13.674
160.167	14.449
161.166	12.512
162.167	12.196
163.167	14.788
164.166	14.04
165.166	11.528
166.166	12.789
167.166	19.668
168.166	17.05
169.166	15.438
170.167	18.127
171.167	17.876
172.166	9.673
173.166	12.925
174.167	20.831
175.167	33.952
176.167	28.508
177.166	20.76
178.166	12.196
179.166	11.927
180.166	7.686
181.167	41.008
182.166	44.781
183.166	12.752
184.166	31.129
185.166	62.914
186.166	44.104
187.166	46.37
188.166	22.015
189.166	49.397
190.167	64.913
191.167	44.424
192.166	46.449
193.167	28.107
194.166	36.683
195.166	64.717
196.167	42.194
197.166	31.516
198.166	37.429
199.166	37.285
200.167	60.812
201.166	61.063
202.166	48.74
203.166	28.248
204.166	22.74
205.166	33.619
206.167	56.885
207.167	39.726
208.166	23.794
209.167	24.861
210.166	20.949
211.166	23.036
212.167	23.944
213.166	21.572
214.166	20.734
215.166	20.63
216.167	19.95
217.167	23.641
218.166	20.755
219.166	22.68
220.167	24.601
221.166	20.656
222.167	24.874
223.167	21.448
224.166	23.758
225.166	18.844
226.166	23.913
227.166	31.83
228.166	34.896
229.167	34.486
230.166	46.845
231.166	44.495
232.166	25.746
233.166	28.816
234.167	7.062
235.166	53.501
236.166	37.601
237.166	43.031
238.166	39.023
239.166	22.355
240.166	22.064
241.166	2.902
242.167	39.361
243.167	12.349
244.166	21.895
245.167	33.778
246.166	24.635
247.166	23.616
248.166	37.204
249.167	21.266
250.167	25.985
251.167	61.829
252.166	58.327
253.166	54.065
254.166	21.495
255.166	50.823
256.166	60.052
257.167	62.928
258.166	40.268
259.166	23.298
260.166	46.471
261.167	38.286
262.167	39.157
263.166	42.07
264.166	29.732
265.166	32.056
266.167	37.044
267.166	29.332
268.167	17.53
269.166	20.921
270.167	17.401
271.166	13.566
272.166	18.904
273.166	14.31
274.166	18.448
275.167	14.762
276.166	19.402
277.167	34.653
278.166	41.346
279.166	35.635
280.166	42.562
281.166	24.045
282.167	33.69
283.166	46.716
284.166	24.296
285.166	31.562
286.167	24.237
287.166	29.203
288.166	34.465
289.166	29.626
290.166	33.395
291.166	24.113
292.166	22.775
293.166	24.015
294.166	23.377
295.167	20.528
296.166	19.274
297.166	16.434
298.166	16.042
299.166	14.535
300.166	13.641
301.166	12.557
302.166	11.588
303.166	12.175
304.166	5.187
305.166	15.464
306.166	10.589
307.166	11.668
308.166	5.839
309.167	4.669
310.167	6.207
311.166	5.629
312.166	4.55
313.166	2.327
314.167	2.515
315.166	4.162
316.166	6.944
317.166	13.865
318.167	23.897
319.167	10.265
320.166	0.183
321.166	33.085
322.166	21.228
323.166	40.813
324.166	32.57
325.166	29.556
326.166	27.434
327.166	41.116
328.167	37.852
329.167	35.198
330.167	29.39
331.166	34.166
332.166	20.376
333.167	24.048
334.167	21.284
335.166	29.51
336.167	32.26
337.166	26.34
338.166	27.412
339.166	21.375
340.166	42.607
341.168	38.597
342.166	50.946
343.166	45.29
344.166	32.473
345.166	38.387
346.166	58.913
347.167	45.505
348.166	43.128
349.166	25.198
350.166	31.522
351.166	29.706
352.167	48.662
353.166	54.558
354.166	43.909
355.166	27.918
356.166	59.572
357.166	42.326
358.167	34.275
359.167	42.214
360.166	16.613
361.166	14.254
362.166	48.726
363.166	37.355
364.166	40.919
365.166	21.577
366.166	56.721
367.166	57.908
368.167	49.298
369.166	23.073
370.166	28.852
371.166	58.769
372.166	56.963
373.167	41.897
374.166	39.829
375.166	26.345
376.166	58.654
377.166	61.046
378.166	59.43
379.167	37.671
380.166	24.51
381.166	40.988
382.166	32.318
383.166	26.885
384.166	21.309
385.166	40.206
386.166	28.691
387.166	23.902
388.166	31.365
389.166	28.886
390.167	42.936
391.166	34.4
392.166	32.861
393.167	33.023
394.166	27.647
395.166	34.93
396.166	41.853
397.166	22.609
398.166	27.857
399.167	27.519
400.166	32.325
401.166	59.211
402.166	62.16
403.166	40.953
404.167	8.202
405.166	10.106
406.166	18.106
407.166	22.106
408.167	23.325
409.166	24.67
410.167	25.791
411.166	6.729
412.166	15.162
413.166	9.187
414.166	11.169
415.166	42.724
416.166	22.801
417.166	40.914
418.166	55.862
419.167	46.937
420.166	20.84
421.166	39.937
422.167	57.212
423.166	48.091
424.166	29.1
425.166	19.906
426.166	45.451
427.166	40.325
428.166	40.273
429.166	29.994
430.166	29.298
431.167	51.957
432.166	42.877
433.166	38.655
434.166	31.656
435.166	22.282
436.166	57.737
437.166	40.6
438.166	42.051
439.166	32.13
440.168	24.132
441.166	36.252
442.166	24.028
443.166	38.798
444.166	32.017
445.166	18.365
446.166	42.254
447.166	37.345
448.167	37.377
449.166	23.81
450.166	9.637
451.166	10.994
452.166	16.159
453.166	18.742
454.166	19.154
455.167	21.869
456.167	14.313
457.166	8.176
458.167	25.346
459.166	25.52
460.167	34.671
461.167	32.998
462.166	34.208
463.166	19.772
464.166	21.238
465.167	19.514
466.167	22.009
467.166	57.769
468.166	16.925
469.166	33.227
470.166	22.853
471.167	40.74
472.166	23.195
473.166	37.788
474.168	29.532
475.166	32.073
476.167	44.693
477.167	31.938
478.166	24.517
479.166	34.147
480.166	22.559
481.167	36.076
482.166	32.534
483.166	25.899
484.167	27.391
485.167	18.923
486.166	33.193
487.166	25.055
488.166	30.999
489.167	35.77
490.167	36.105
491.166	42.063
492.167	35.789
493.166	31.287
494.167	35.697
495.167	30.772
496.166	44.519
497.167	42.803
498.166	33.616
499.167	30.936
500.166	27.244
501.167	43.116
502.166	30.63
503.166	23.152
504.167	24.22
505.167	17.358
506.166	0.0
507.166	0.097
508.166	54.968
509.167	36.538
510.166	28.141
511.166	35.234
512.1659999999999	31.227
513.1659999999999	25.361
514.1659999999999	19.162
515.1669999999999	18.55
516.1659999999999	16.087
517.1659999999999	29.792
518.1659999999999	45.696
519.1659999999999	37.462
520.1669999999999	36.155
521.1669999999999	46.888
522.1659999999999	46.829
523.1659999999999	40.66
524.1659999999999	45.518
525.1669999999999	31.448
526.1659999999999	28.831
527.1659999999999	29.162
528.1659999999999	37.856
529.1659999999999	36.056
530.1659999999999	29.571
531.1659999999999	50.233
532.1659999999999	59.064
533.1659999999999	64.225
534.1659999999999	56.567
535.1659999999999	37.109
536.1659999999999	25.124
537.1669999999999	60.025
538.1659999999999	62.636
539.1659999999999	61.784
540.1659999999999	47.349
541.1659999999999	29.589
542.1659999999999	41.131

