0.0	0.241
0.378	33.948
1.3780000000000001	48.436
2.379	48.447
3.378	49.261
4.378	49.193
5.379	47.456
6.377999999999999	48.355
7.377999999999999	47.934
8.378	40.658
9.379	31.421
10.378	27.153
11.379	34.99
12.378	25.778
13.379	23.882
14.378	20.683
15.378	22.419
16.378	30.346
17.378	21.201
18.379	20.726
19.378	19.896
20.378	23.28
21.378	30.297
22.378	26.715
23.378	29.813
24.378	27.303
25.378	26.465
26.378	23.178
27.378	19.351
28.378	17.896
29.378	18.979
30.378	11.985
31.379	26.532
32.379000000000005	25.806
33.379000000000005	33.827
34.37800000000001	27.211
35.37800000000001	27.003
36.37800000000001	22.66
37.37800000000001	25.802
38.37800000000001	22.672
39.37800000000001	24.513
40.37800000000001	31.452
41.37800000000001	25.921
42.37800000000001	33.61
43.37800000000001	36.214
44.37800000000001	32.736
45.379000000000005	35.861
46.37800000000001	38.486
47.37800000000001	37.191
48.37800000000001	41.808
49.37800000000001	33.202
50.37800000000001	37.482
51.379000000000005	21.144
52.37800000000001	36.553
53.379000000000005	44.803
54.37800000000001	37.226
55.37800000000001	38.438
56.37800000000001	31.726
57.37800000000001	37.981
58.37800000000001	38.374
59.379000000000005	36.033
60.37800000000001	33.693
61.37800000000001	31.182
62.37800000000001	34.781
63.37800000000001	39.394
64.379	32.985
65.379	26.108
66.379	47.167
67.378	31.064
68.378	51.15
69.378	45.208
70.379	53.562
71.379	43.976
72.378	34.127
73.378	39.567
74.378	51.724
75.378	53.821
76.378	47.204
77.379	14.432
78.378	27.072
79.379	50.349
80.378	53.346
81.378	48.758
82.378	31.0
83.379	43.625
84.378	49.381
85.378	52.363
86.378	49.922
87.378	31.129
88.378	40.189
89.378	50.069
90.378	50.577
91.378	46.596
92.378	32.407
93.378	42.024
94.378	51.429
95.378	53.411
96.378	49.053
97.378	39.354
98.378	36.008
99.379	52.054
100.378	52.494
101.378	55.427
102.378	37.224
103.378	30.31
104.378	47.04
105.379	52.186
106.378	51.754
107.379	39.141
108.379	34.144
109.379	50.316
110.378	53.211
111.379	50.439
112.378	27.328
113.378	36.995
114.378	52.166
115.378	51.445
116.378	49.037
117.379	34.604
118.378	33.734
119.378	54.591
120.378	51.855
121.378	51.688
122.379	39.59
123.378	31.49
124.378	50.626
125.378	52.297
126.378	54.345
127.378	27.808
128.379	38.803
129.378	51.347
130.378	51.789
131.378	54.771
132.378	32.735
133.378	34.701
134.378	51.77
135.379	51.251
136.378	54.52
137.379	36.195
138.378	33.423
139.378	49.086
140.378	51.412
141.378	51.609
142.378	38.627
143.379	32.21
144.378	50.315
145.378	21.394
146.378	34.472
147.378	38.78
148.378	35.127
149.378	47.891
150.378	27.352
151.378	32.494
152.378	33.492
153.379	36.048
154.378	48.955
155.378	53.116
156.378	54.525
157.378	39.387
158.378	36.765
159.378	44.078
160.379	52.022
161.378	49.758
162.378	42.024
163.378	33.914
164.378	42.139
165.378	52.605
166.379	53.038
167.378	45.285
168.378	48.906
169.379	38.125
170.379	48.2
171.378	51.478
172.378	44.728
173.378	34.93
174.378	39.78
175.378	51.23
176.379	49.463
177.378	44.826
178.378	33.931
179.378	50.626
180.378	47.883
181.378	26.303
182.378	19.727
183.378	27.559
184.378	3.183
185.378	37.122
186.379	17.25
187.378	9.695
188.379	14.799
189.378	12.97
190.379	7.804

