0.0	28.185
0.871	49.386
1.87	37.97
2.87	37.161
3.87	24.875
4.871	37.501
5.87	28.512
6.87	28.092
7.87	26.075
8.870000000000001	22.922
9.870000000000001	19.474
10.870000000000001	23.991
11.871	19.301
12.870000000000001	34.879
13.870000000000001	33.361
14.871	33.162
15.870000000000001	29.147
16.87	23.53
17.87	18.142
18.871000000000002	13.997
19.871000000000002	11.572
20.87	11.604
21.87	17.836
22.87	13.662
23.87	12.142
24.87	4.194
25.87	15.119
26.87	7.322
27.87	4.89
28.87	10.606
29.871000000000002	10.395
30.87	11.84
31.87	12.746
32.870000000000005	14.055
33.871	13.715
34.871	10.019
35.870000000000005	7.702
36.870000000000005	11.722
37.870000000000005	12.017
38.871	12.783
39.870000000000005	14.159
40.871	14.741
41.871	15.706
42.870000000000005	17.14
43.870000000000005	20.705
44.870000000000005	18.872
45.870000000000005	22.715
46.871	23.378
47.871	21.649
48.870000000000005	21.492
49.870000000000005	13.814
50.870000000000005	8.252
51.871	11.723
52.870000000000005	8.875
53.870000000000005	13.162
54.870000000000005	15.124
55.870000000000005	21.595
56.870000000000005	20.694
57.870000000000005	23.168
58.871	23.359
59.871	22.337
60.871	25.26
61.870000000000005	34.618
62.870000000000005	38.585
63.870000000000005	46.984
64.87	42.046
65.87100000000001	38.737
66.87	36.008
67.87100000000001	28.246
68.87100000000001	30.758
69.87100000000001	23.564
70.87100000000001	26.11
71.87	33.74
72.87100000000001	33.701
73.87	32.364
74.87100000000001	39.768
75.87	29.992
76.87	43.025
77.87	43.169
78.87	41.14
79.87	42.371
80.87100000000001	39.952
81.87100000000001	30.101
82.87100000000001	27.397
83.87	40.376
84.87	45.621
85.87100000000001	28.793
86.87	39.632
87.87	30.994
88.87	36.491
89.87	53.641
90.87	42.064
91.87100000000001	34.045
92.87100000000001	55.695
93.87	55.379
94.87	25.052
95.87	36.537
96.87100000000001	32.784
97.87	52.641
98.87	51.544
99.87	54.64
100.87	41.901
101.87100000000001	39.813
102.87100000000001	46.445
103.87	53.248
104.87	55.584
105.87100000000001	42.969
106.87	37.978
107.87	41.664
108.87	52.703
109.87100000000001	52.69
110.87100000000001	41.304
111.87100000000001	37.884
112.87	46.287
113.87100000000001	53.383
114.87	51.937
115.87	41.484
116.87	40.14
117.87	6.946
118.87	41.222
119.87	54.296
120.87	33.029
121.87100000000001	20.037
122.87100000000001	19.008
123.87	54.193
124.87100000000001	56.072
125.87	36.864
126.87	34.373
127.87	41.205
128.87	52.487
129.872	61.009
130.871	42.559
131.87	39.518
132.87	37.552
133.87	51.56
134.87	52.871
135.87	43.548
136.87	36.647
137.871	42.132
138.87	51.773
139.87	42.097
140.871	35.422
141.871	34.537
142.871	40.173
143.871	51.628
144.87	50.821
145.871	47.446
146.87	38.611
147.871	37.048
148.87	49.037
149.87	51.2
150.87	43.537
151.871	35.818
152.87	45.088
153.87	53.411
154.87	54.536
155.871	41.746
156.871	36.868
157.87	38.431
158.871	50.611
159.87	47.242
160.87	37.656
161.871	29.914
162.87	46.333
163.87	36.076
164.871	26.541
165.871	21.783
166.871	24.631
167.87	17.527
168.87	15.912
169.871	15.382
170.87	12.196
171.87	8.152
172.87	17.95
173.87	10.724
174.871	9.684
175.871	10.481
176.87	11.873
177.87	10.056
178.87	9.689
179.87	18.634
180.87	18.819
181.87	16.163
182.87	10.627
183.87	11.118
184.87	16.274
185.871	19.167
186.871	15.598
187.871	19.052
188.87	23.609
189.87	26.127
190.87	26.135
191.871	33.059
192.87	32.525
193.87	29.565
194.87	27.194
195.87	24.45
196.87	21.554
197.87	16.812
198.87	20.02
199.87	15.194
200.87	11.776
201.87	17.297
202.87	16.715
203.87	11.387
204.87	6.991
205.871	9.522
206.871	12.64
207.87	17.587
208.871	17.72
209.87	13.239
210.871	11.226
211.871	5.505
212.87	0.0
213.87	0.0
214.87	0.0
215.871	30.511
216.87	50.069
217.87	55.574
218.87	52.609
219.87	54.733
220.871	55.334
221.87	46.563
222.87	40.435
223.87	38.305
224.87	53.837
225.87	55.476
226.87	41.582
227.87	38.207
228.87	49.07
229.87	54.755
230.87	55.345
231.87	36.143
232.87	35.471
233.87	53.231
234.87	54.771
235.87	56.639
236.87	38.223
237.87	40.919
238.871	60.533
239.87	54.34
240.871	55.941
241.87	44.105
242.87	36.88
243.87	15.876
244.87	34.439
245.87	54.411
246.87	47.202
247.87	35.536
248.87	48.087
249.87	52.92
250.87	54.722
251.87	46.366
252.87	39.583
253.87	41.115
254.871	50.923
255.87	53.538
256.871	42.565
257.871	41.001
258.87	39.534
259.87	53.669
260.871	55.597
261.87	51.427
262.871	43.231
263.87	34.291
264.87	38.158
265.87	50.823
266.87	55.377
267.87	55.748
268.871	52.382
269.87	46.792
270.87	43.515
271.87	37.814
272.87	50.477
273.871	50.413
274.871	44.395
275.87	39.288
276.87	41.371
277.87	30.996
278.87	52.723
279.87	52.019
280.87	47.597
281.871	45.412
282.87	45.842
283.87	36.782
284.87	49.545
285.87	46.874
286.87	49.544
287.871	49.316
288.87	36.864
289.87	45.236
290.87	53.854
291.87	54.569
292.871	34.178
293.87	34.373
294.87	54.362
295.87	52.638
296.871	56.377
297.871	38.426
298.87	33.128
299.87	49.02
300.87	57.45
301.871	55.416
302.87	32.391
303.871	35.687
304.87	54.766
305.871	53.018
306.871	55.64
307.871	34.504
308.871	31.621
309.871	55.941
310.87	52.445
311.87	57.704
312.87	38.338
313.87	32.374
314.87	54.263
315.87	54.509
316.87	57.458
317.87	35.782
318.87	14.403
319.871	18.448
320.871	48.479
321.87	58.359
322.87	38.813
323.87	40.91
324.87	61.44
325.87	55.017
326.87	37.455
327.87	31.782
328.87	29.887
329.871	25.742
330.871	21.159
331.87	17.156
332.871	8.681
333.871	22.765
334.87	23.085
335.871	29.883
336.871	31.466
337.87	25.515
338.87	24.403
339.87	19.792
340.871	28.042
341.87	25.256
342.87	18.784
343.871	23.568
344.87	27.332
345.87	30.055
346.87	32.465
347.87	34.753
348.871	39.305
349.871	35.629
350.87	35.903
351.87	35.865
352.87	33.176
353.87	27.522
354.87	27.687
355.87	22.318
356.87	24.445
357.87	24.436
358.87	22.57
359.87	23.212
360.87	24.803
361.87	25.921
362.87	22.249
363.87	18.737
364.87	20.064
365.871	19.489
366.87	21.272
367.87	20.533
368.871	19.844
369.873	22.208
370.87	23.653
371.87	26.61
372.87	30.741
373.871	36.276
374.87	34.177
375.871	27.504
376.871	29.224
377.871	27.659
378.87	18.916
379.87	17.775
380.87	18.288
381.87	18.786
382.871	17.718
383.87	18.856
384.87	20.275
385.871	21.208
386.87	24.154
387.871	23.7
388.871	23.604
389.87	21.517
390.87	21.818
391.871	22.478
392.871	23.397
393.87	21.158
394.87	22.606
395.87	23.907
396.87	25.342
397.87	26.759
398.87	23.019
399.87	21.672
400.87	20.686
401.87	22.409
402.87	22.666
403.871	21.577
404.87	23.209
405.871	23.325
406.871	23.052
407.87	22.213
408.871	24.592
409.871	22.483
410.87	29.336
411.871	21.352
412.871	17.638
413.871	26.897
414.871	21.976
415.87	19.977
416.871	19.705
417.87	17.405
418.87	14.587
419.871	7.901
420.87	7.581
421.87	8.325
422.87	13.929
423.871	7.511
424.871	16.575
425.87	12.401
426.87	5.181
427.871	14.952
428.87	16.471
429.87	12.503
430.87	13.832
431.871	20.51
432.87	22.105
433.871	17.742
434.87	14.791
435.871	16.127
436.871	15.08
437.87	17.215
438.871	14.682
439.871	10.578
440.87	10.357
441.87	15.847
442.87	20.403
443.87	21.159
444.87	21.998
445.871	23.541
446.871	18.884
447.87	14.418
448.87	22.112
449.871	19.095
450.87	15.943
451.87	19.68
452.87	20.71
453.87	20.268
454.87	23.094
455.87	23.261
456.87	23.848
457.87	23.975
458.87	22.834
459.87	22.196
460.871	21.322
461.871	21.559
462.87	21.217
463.87	22.179
464.871	23.2
465.87	23.627
466.87	25.435
467.87	24.914
468.87	23.464
469.87	21.563
470.87	20.238
471.871	21.855
472.87	22.197
473.87	20.56
474.871	18.003
475.87	18.397
476.871	18.789
477.87	19.82
478.87	16.665
479.871	15.225
480.87	13.307
481.87	17.334
482.871	16.758
483.871	18.575
484.871	18.939
485.87	20.856
486.87	20.033
487.87	19.921
488.87	20.791
489.87	21.805
490.871	18.937
491.871	19.275
492.871	22.863
493.871	20.665
494.87	22.866
495.871	19.165
496.87	20.114
497.87	26.817
498.87	21.919
499.87	23.545
500.87	25.921
501.871	22.652
502.87	23.34
503.87	25.612
504.87	22.549
505.87	19.207
506.87	20.653
507.871	24.696
508.87	25.612
509.87	21.826
510.87	19.691
511.87	18.235
512.87	20.511
513.87	19.884
514.87	3.437
515.871	19.582
516.87	20.59
517.871	25.001
518.871	16.695
519.871	17.63
520.87	25.526
521.87	42.811
522.87	37.038
523.871	27.111
524.871	23.091
525.87	22.511
526.87	21.528
527.87	21.659
528.87	19.824
529.87	15.172
530.871	21.746
531.87	20.819
532.871	20.68
533.87	29.15
534.871	17.236
535.87	20.226
536.872	23.656
537.87	33.243
538.87	25.769
539.872	21.757
540.872	22.885
541.87	23.553
542.871	19.213
543.871	14.892
544.871	9.65
545.87	7.236
546.87	0.237
547.87	0.0
548.87	0.0
549.87	0.0
550.87	9.751
551.87	15.407
552.87	11.787
553.87	15.571
554.87	12.293
555.87	12.336
556.87	11.177
557.87	10.228
558.87	10.369
559.87	8.47
560.87	15.065
561.87	18.095
562.87	21.783
563.87	9.198
564.87	23.839
565.87	16.956
566.87	13.781
567.87	17.551
568.87	24.128
569.87	29.522
570.87	29.598
571.871	22.453
572.87	23.721
573.87	32.869
574.87	24.361
575.87	29.646
576.871	26.56
577.871	30.135
578.87	31.005
579.87	30.944

