0.0	20.118
0.799	25.94
1.7999999999999998	24.555
2.8	11.426
3.799	20.819
4.8	19.594
5.8	25.616
6.7989999999999995	15.906
7.7989999999999995	18.375
8.799	25.133
9.799999999999999	29.804
10.799	22.301
11.799	15.291
12.799	10.589
13.799	16.855
14.799	16.812
15.799	18.03
16.799	24.035
17.8	32.632
18.799	51.222
19.799	50.463
20.8	43.017
21.799	35.069
22.799	22.064
23.799	13.91
24.799	35.296
25.799	27.013
26.799	25.09
27.799	22.616
28.8	28.088
29.799	41.843
30.799	39.417
31.8	24.521
32.799	47.611
33.799	25.238
34.799	21.476
35.799	15.917
36.799	14.957
37.799	12.333
38.8	43.799
39.8	51.939
40.8	58.205
41.799	38.954
42.8	36.392
43.799	57.376
44.799	60.151
45.8	58.533
46.799	43.433
47.799	30.146
48.799	55.453
49.8	60.583
50.799	60.162
51.799	49.561
52.799	20.086
53.799	55.246
54.799	41.791
55.799	36.58
56.8	34.608
57.799	27.268
58.8	58.237
59.799	56.009
60.799	41.033
61.799	21.553
62.8	30.606
63.799	44.222
64.799	44.758
65.80000000000001	42.841
66.799	38.172
67.799	11.206
68.799	33.652
69.799	62.963
70.799	64.864
71.799	51.625
72.799	23.298
73.799	53.493
74.799	60.903
75.80000000000001	58.008
76.799	57.908
77.80000000000001	35.913
78.80000000000001	48.627
79.799	63.473
80.80000000000001	59.877
81.799	69.369
82.799	29.851
83.799	34.439
84.799	60.489
85.799	61.738
86.80000000000001	61.095
87.80000000000001	26.634
88.799	44.171
89.799	61.194
90.799	58.736
91.799	60.817
92.799	25.264
93.799	34.961
94.80000000000001	59.812
95.799	47.52
96.799	36.284
97.799	22.854
98.799	35.878
99.799	32.45
100.799	45.511
101.80000000000001	42.786
102.799	23.974
103.80000000000001	51.642
104.80000000000001	30.314
105.799	22.617
106.799	17.265
107.799	22.349
108.799	16.502
109.80000000000001	20.479
110.799	20.077
111.799	25.547
112.80000000000001	18.83
113.799	18.027
114.799	26.988
115.799	27.714
116.80000000000001	34.578
117.80000000000001	25.562
118.80000000000001	31.254
119.80000000000001	32.552
120.799	30.746
121.799	23.961
122.799	23.13
123.799	20.444
124.80000000000001	30.699
125.80000000000001	28.481
126.799	28.77
127.799	22.991
128.799	52.115
129.8	29.271
130.799	20.489
131.799	56.515
132.799	34.776
133.799	44.777
134.799	60.932
135.799	62.783
136.799	58.753
137.799	37.76
138.8	33.079
139.799	53.018
140.799	60.751
141.799	61.341
142.799	39.944
143.799	34.144
144.799	58.949
145.799	62.701
146.799	63.031
147.8	44.018
148.799	32.211
149.8	53.35
150.799	61.259
151.799	62.537
152.799	42.09
153.799	4.472
154.799	2.749
155.8	56.597
156.799	59.834
157.799	40.615
158.799	40.248
159.8	58.155
160.799	62.868
161.8	41.394
162.799	27.329
163.8	26.509
164.8	36.6
165.8	33.96
166.799	32.492
167.799	28.378
168.799	37.259
169.799	39.714
170.799	42.194
171.8	51.826
172.799	42.143
173.8	29.933
174.8	60.768
175.8	56.934
176.799	33.926
177.799	29.061
178.8	31.505
179.799	24.501
180.8	18.807
181.8	29.717
182.799	15.639
183.8	33.391
184.8	51.409
185.799	39.288
186.8	34.058
187.799	43.114
188.8	25.371
189.799	47.931
190.799	37.515
191.799	31.585
192.799	31.99
193.8	27.093
194.799	39.637
195.799	49.074
196.8	41.199
197.799	34.017
198.799	25.46
199.799	33.442
200.81	43.927
201.799	43.299
202.8	49.914
203.799	25.46
204.799	58.523
205.799	57.491
206.799	56.279
207.799	56.442
208.799	32.899
209.799	30.9
210.799	57.065
211.799	63.211
212.8	64.715
213.799	32.948
214.799	29.638
215.799	61.358
216.799	62.311
217.8	57.368
218.799	25.697
219.8	39.131
220.799	58.039
221.8	61.296
222.799	25.064
223.8	21.153
224.799	36.525
225.8	15.944
226.8	22.004
227.799	26.039
228.799	29.8
229.8	41.697
230.799	35.906
231.799	38.246
232.799	44.907
233.8	12.103
234.799	23.625
235.799	57.769
236.799	59.872
237.8	57.155
238.799	26.8
239.8	42.755
240.799	36.477
241.799	35.557
242.799	38.258
243.799	33.999
244.8	10.471
245.8	16.504
246.8	34.615
247.799	25.127
248.8	15.762
249.799	20.669
250.799	18.432
251.8	34.305
252.799	38.789
253.799	34.688
254.8	41.148
255.799	43.191
256.8	44.615
257.79900000000004	30.321
258.79900000000004	25.298
259.8	43.188
260.8	40.326
261.79900000000004	27.444
262.8	27.629
263.79900000000004	23.065
264.79900000000004	24.968
265.8	36.497
266.79900000000004	39.085
267.8	34.413
268.79900000000004	28.182
269.8	31.865
270.79900000000004	18.392
271.8	34.156
272.79900000000004	44.669
273.79900000000004	36.487
274.79900000000004	36.839
275.79900000000004	24.379
276.8	20.553
277.79900000000004	26.998
278.8	22.497
279.79900000000004	31.633
280.79900000000004	31.624
281.8	23.462
282.79900000000004	26.07
283.79900000000004	26.67
284.8	36.926
285.79900000000004	34.758
286.79900000000004	38.508
287.79900000000004	34.506
288.79900000000004	37.111
289.8	33.325
290.79900000000004	53.188
291.79900000000004	37.748
292.79900000000004	27.43
293.79900000000004	23.744
294.79900000000004	30.457
295.8	30.594
296.8	24.743
297.8	23.052
298.79900000000004	20.795
299.79900000000004	21.089
300.79900000000004	23.718
301.79900000000004	43.099
302.8	44.494
303.8	34.674
304.8	29.951
305.79900000000004	18.384
306.8	32.243
307.79900000000004	34.16
308.8	14.823
309.79900000000004	21.285
310.79900000000004	23.661
311.79900000000004	24.476
312.8	24.206
313.79900000000004	22.099
314.79900000000004	23.554
315.79900000000004	22.409
316.79900000000004	18.03
317.79900000000004	18.484
318.79900000000004	20.59
319.8	11.461
320.79900000000004	23.222
321.79900000000004	25.417
322.79900000000004	25.64
323.8	24.091
324.8	28.432
325.79900000000004	26.511
326.8	27.752
327.8	26.821
328.79900000000004	23.224
329.79900000000004	31.523
330.79900000000004	31.54
331.79900000000004	27.667
332.8	25.633
333.79900000000004	25.146
334.8	23.853
335.79900000000004	26.8
336.79900000000004	25.333
337.79900000000004	24.766
338.79900000000004	26.481
339.79900000000004	22.322
340.8	25.483
341.79900000000004	27.025
342.79900000000004	27.403
343.79900000000004	28.729
344.79900000000004	15.296
345.79900000000004	20.681
346.79900000000004	15.113
347.79900000000004	15.543
348.79900000000004	13.969
349.8	13.613
350.79900000000004	16.413
351.79900000000004	17.643
352.79900000000004	18.88
353.79900000000004	21.023
354.79900000000004	27.943
355.79900000000004	30.583
356.8	30.319
357.8	32.85
358.79900000000004	33.877
359.8	26.984
360.8	24.169
361.79900000000004	23.685
362.79900000000004	25.302
363.8	24.563
364.79900000000004	21.767
365.8	24.221
366.8	23.186
367.79900000000004	26.909
368.79900000000004	25.756
369.79900000000004	24.184
370.79900000000004	28.963
371.8	29.837
372.8	28.948
373.8	25.443
374.79900000000004	20.09
375.79900000000004	24.657
376.79900000000004	24.49
377.79900000000004	24.932
378.8	23.659
379.79900000000004	21.702
380.79900000000004	16.245
381.79900000000004	16.127
382.79900000000004	23.535
383.79900000000004	23.302
384.79900000000004	25.639
385.8	23.642
386.79900000000004	16.693
387.79900000000004	10.552
388.79900000000004	19.795
389.8	17.362
390.8	19.441
391.79900000000004	14.296
392.8	15.431
393.79900000000004	16.618
394.8	10.243
395.8	7.4
396.79900000000004	28.258
397.79900000000004	33.819
398.79900000000004	29.42
399.8	25.994
400.79900000000004	52.065
401.8	30.685
402.8	33.562
403.79900000000004	33.546
404.79900000000004	27.688
405.8	36.196
406.79900000000004	15.458
407.79900000000004	20.65
408.8	28.609
409.8	25.322
410.8	21.153
411.79900000000004	24.75
412.8	26.058
413.79900000000004	24.487
414.8	22.497
415.79900000000004	26.969
416.79900000000004	27.871
417.8	26.687
418.79900000000004	35.025
419.79900000000004	32.816
420.79900000000004	34.208
421.79900000000004	25.906
422.79900000000004	23.228
423.8	24.53
424.79900000000004	23.446
425.8	24.743
426.79900000000004	25.459
427.8	25.324
428.79900000000004	25.448
429.79900000000004	23.631
430.79900000000004	25.942
431.79900000000004	27.885
432.8	28.408
433.79900000000004	29.82
434.8	19.817
435.79900000000004	24.254
436.79900000000004	26.111
437.8	24.775
438.79900000000004	23.151
439.8	26.796
440.8	39.02
441.79900000000004	36.154
442.79900000000004	39.992
443.8	43.703
444.79900000000004	39.861
445.8	28.405
446.79900000000004	60.407
447.79900000000004	60.178
448.79900000000004	58.034
449.79900000000004	44.859
450.79900000000004	20.25
451.79900000000004	51.445
452.79900000000004	59.375
453.79900000000004	60.817
454.79900000000004	55.584
455.8	8.987
456.79900000000004	23.323
457.8	54.203
458.79900000000004	63.471
459.79900000000004	45.816
460.8	22.124
461.79900000000004	45.358
462.80100000000004	16.037
463.81600000000003	11.486
464.79900000000004	14.844
465.79900000000004	39.106
466.79900000000004	38.731
467.79900000000004	25.784
468.79900000000004	21.1
469.8	13.676
470.79900000000004	16.706
471.79900000000004	17.014
472.79900000000004	17.491
473.8	17.573
474.79900000000004	17.252
475.79900000000004	21.01
476.8	24.598
477.8	30.738
478.79900000000004	29.036
479.79900000000004	29.37
480.79900000000004	26.106
481.79900000000004	27.7
482.79900000000004	27.627
483.8	28.128
484.8	29.178
485.79900000000004	20.378
486.79900000000004	20.945
487.79900000000004	21.3
488.8	23.417
489.79900000000004	21.222
490.79900000000004	22.294
491.8	23.601
492.8	20.234
493.79900000000004	20.804
494.79900000000004	22.894
495.79900000000004	22.498
496.79900000000004	23.681
497.79900000000004	23.692
498.79900000000004	24.399
499.8	18.787
500.8	23.748
501.79900000000004	25.193
502.8	27.338
503.8	28.458
504.79900000000004	24.242
505.80100000000004	23.388
506.79900000000004	30.121
507.79900000000004	25.603
508.79900000000004	25.851
509.8	27.322
510.8	24.273
511.8	24.903
512.799	22.431
513.799	24.451
514.799	25.938

