0.0	16.823
0.84	22.485
1.8399999999999999	25.822
2.84	33.059
3.84	23.543
4.84	29.786
5.84	32.097
6.84	31.484
7.84	33.304
8.84	35.283
9.84	31.287
10.84	27.191
11.841	31.089
12.84	32.95
13.84	36.953
14.841	43.635
15.84	45.894
16.841	43.624
17.84	38.585
18.84	35.561
19.84	42.198
20.84	38.04
21.84	42.603
22.84	38.878
23.841	25.081
24.84	31.882
25.841	33.631
26.841	43.459
27.84	42.954
28.84	18.238
29.84	25.272
30.84	32.454
31.84	27.864
32.84	19.583
33.84	29.557
34.84	17.386
35.841	16.14
36.841	24.562
37.84	22.917
38.84	19.558
39.84	19.839
40.84	30.949
41.84	28.45
42.84	16.885
43.841	19.881
44.84	26.503
45.84	34.881
46.841	12.335
47.84	16.081
48.84	11.599
49.84	7.938
50.84	27.82
51.84	21.48
52.84	26.291
53.84	24.352
54.84	21.731
55.841	45.133
56.84	38.699
57.841	32.735
58.84	31.405
59.84	25.446
60.84	38.134
61.84	46.775
62.841	26.06
63.84	24.023
64.84	13.564
65.84100000000001	13.751
66.84100000000001	17.879
67.84100000000001	13.535
68.84	24.82
69.84	25.05
70.84	48.346
71.84	39.838
72.84	7.238
73.84100000000001	29.229
74.84100000000001	57.138
75.84	48.76
76.84	46.619
77.84100000000001	23.514
78.84	43.554
79.84100000000001	52.17
80.84100000000001	37.86
81.84	33.615
82.84	27.231
83.84	44.302
84.84	40.758
85.84100000000001	41.997
86.84	42.811
87.84	33.938
88.84100000000001	39.032
89.84	53.706
90.84	52.153
91.84	44.418
92.84100000000001	28.818
93.84100000000001	36.376
94.84	51.465
95.84	35.744
96.84	39.978
97.84100000000001	27.537
98.84	38.174
99.84	51.331
100.84	43.894
101.84	40.849
102.84100000000001	35.327
103.84	29.786
104.84	51.594
105.84	38.794
106.84	43.224
107.84	20.677
108.84	35.913
109.84	38.991
110.84	37.236
111.84100000000001	41.653
112.84100000000001	29.841
113.84100000000001	35.408
114.84	43.604
115.84	30.08
116.84100000000001	29.357
117.84	27.629
118.84	38.068
119.84	33.422
120.84	20.648
121.84	39.528
122.84100000000001	32.548
123.84	33.514
124.84	29.673
125.84100000000001	29.783
126.84	49.201
127.84100000000001	37.058
128.84	30.507
129.84	52.559
130.84	51.377
131.841	48.856
132.84	40.722
133.841	24.15
134.841	52.022
135.84	53.255
136.841	31.267
137.841	23.579
138.84	23.83
139.84	22.606
140.84	16.895
141.841	10.621
142.84	12.68
143.84	9.055
144.841	7.884
145.841	13.978
146.84	24.796
147.84	28.66
148.84	35.04
149.84	33.744
150.84	26.263
151.84	23.737
152.84	20.91
153.841	25.574
154.84	33.867
155.84	25.66
156.84	28.321
157.841	28.776
158.84	27.344
159.84	48.234
160.84	44.58
161.84	47.677
162.84	40.137
163.84	18.577
164.84	37.169
165.841	27.78
166.84	28.828
167.84	21.06
168.841	17.361
169.84	29.712
170.84	21.447
171.84	18.197
172.84	22.269
173.841	29.97
174.84	17.995
175.84	21.022
176.841	19.167
177.84	29.3
178.84	25.346
179.841	14.716
180.84	35.348
181.84	18.605
182.841	15.876
183.84	23.501
184.841	23.142
185.84	11.798
186.841	29.402
187.841	27.274
188.84	26.12
189.84	24.755
190.841	16.747
191.84	20.632
192.841	23.518
193.84	21.988
194.841	19.779
195.84	21.118
196.84	23.932
197.84	18.212
198.84	21.008
199.84	27.535
200.841	31.99
201.84	31.195
202.84	38.149
203.841	30.522
204.84	40.867
205.84	30.657
206.84	42.021
207.84	36.526
208.84	22.139
209.84	47.497
210.84	42.115
211.84	31.899
212.841	21.307
213.84	12.823
214.841	11.388
215.841	15.22
216.841	13.529
217.841	14.356
218.84	13.956
219.84	8.961
220.84	26.501
221.84	30.14
222.841	32.568
223.84	27.325
224.84	26.474
225.84	22.619
226.841	19.875
227.84	25.016
228.841	27.316
229.84	26.77
230.84	17.993
231.84	21.906
232.841	22.754
233.84	26.412
234.84	20.584
235.84	22.678
236.84	26.505
237.84	27.054
238.84	26.455
239.841	38.479
240.841	39.827
241.84	47.742
242.84	45.76
243.84	29.309
244.841	23.222
245.84	37.077
246.84	24.808
247.84	16.166
248.84	24.656
249.84	28.35
250.841	20.857
251.84	19.857
252.841	22.178
253.84	20.424
254.84	27.55
255.841	29.259
256.84000000000003	24.94
257.841	28.033
258.841	26.201
259.84000000000003	27.119
260.84000000000003	22.662
261.84000000000003	30.875
262.84000000000003	30.287
263.84000000000003	31.929
264.84200000000004	35.23
265.84000000000003	43.601
266.841	44.404
267.841	45.731
268.84000000000003	33.041
269.841	27.628
270.842	54.154
271.841	47.167
272.84000000000003	46.923
273.84000000000003	45.547
274.84000000000003	29.458
275.84000000000003	41.467
276.84000000000003	54.247
277.84000000000003	48.644
278.841	43.718
279.841	24.01
280.84000000000003	45.06
281.841	50.693
282.84000000000003	49.226
283.84000000000003	38.502
284.84000000000003	21.801
285.841	53.411
286.841	52.628
287.84000000000003	47.579
288.84000000000003	42.985
289.84000000000003	25.468
290.841	52.153
291.84000000000003	52.278
292.841	47.533
293.84000000000003	47.734
294.84000000000003	21.954
295.84000000000003	46.612
296.84000000000003	47.366
297.84000000000003	51.544
298.84000000000003	45.796
299.841	21.823
300.841	51.366
301.84000000000003	53.149
302.84000000000003	47.3
303.84000000000003	42.471
304.84000000000003	31.85
305.84000000000003	49.381
306.84000000000003	52.734
307.84000000000003	32.679
308.84000000000003	27.775
309.84000000000003	28.091
310.84000000000003	31.23
311.84000000000003	32.723
312.841	36.288
313.84000000000003	31.171
314.84000000000003	21.567
315.84000000000003	14.759
316.841	25.589
317.84000000000003	31.234
318.84000000000003	33.333
319.84000000000003	29.911
320.84000000000003	47.477
321.84000000000003	35.509
322.84000000000003	38.217
323.84000000000003	33.331
324.841	26.653
325.841	45.724
326.84000000000003	35.353
327.84000000000003	47.057
328.84000000000003	38.376
329.841	27.326
330.841	47.889
331.84000000000003	54.28
332.84000000000003	46.897
333.841	47.917
334.84000000000003	35.578
335.84000000000003	34.422
336.84000000000003	57.278
337.84000000000003	49.429
338.84000000000003	42.469
339.84000000000003	32.974
340.84000000000003	36.274
341.84000000000003	54.788
342.84000000000003	52.275
343.84000000000003	39.577
344.84000000000003	31.473
345.84000000000003	40.648
346.84000000000003	59.129
347.84000000000003	46.066
348.84000000000003	49.808
349.84000000000003	37.681
350.84000000000003	31.981
351.84000000000003	56.967
352.84000000000003	51.755
353.84000000000003	42.986
354.84000000000003	31.427
355.84000000000003	33.651
356.841	53.062
357.84000000000003	45.096
358.84000000000003	41.19
359.84000000000003	29.494
360.84000000000003	40.96
361.84000000000003	58.556
362.84000000000003	51.66
363.841	47.318
364.84000000000003	31.494
365.84000000000003	30.539
366.84000000000003	59.883
367.84000000000003	47.519
368.84000000000003	47.81
369.84000000000003	28.143
370.84000000000003	38.174
371.84000000000003	57.196
372.84000000000003	45.427
373.84000000000003	48.949
374.841	30.703
375.841	35.424
376.84000000000003	57.769
377.84000000000003	50.567
378.84000000000003	46.156
379.84000000000003	40.339
380.84000000000003	29.818
381.84000000000003	56.623
382.84000000000003	52.993
383.84000000000003	46.428
384.84000000000003	37.354
385.84000000000003	27.426
386.84000000000003	56.901
387.84000000000003	41.037
388.84000000000003	39.782
389.841	21.047
390.84000000000003	37.535
391.84000000000003	47.156
392.841	29.03
393.84000000000003	29.016
394.84000000000003	20.88
395.84000000000003	29.036
396.84000000000003	24.411
397.84000000000003	21.492
398.84000000000003	26.654
399.841	24.85
400.841	22.076
401.84000000000003	20.481
402.84000000000003	21.168
403.84000000000003	18.457
404.84000000000003	19.494
405.84000000000003	20.12
406.84000000000003	21.826
407.84000000000003	18.867
408.84000000000003	17.431
409.84000000000003	10.52
410.84000000000003	14.243
411.84000000000003	11.383
412.84000000000003	10.022
413.84000000000003	1.76
414.84000000000003	10.984
415.84000000000003	16.577
416.84000000000003	16.513
417.84000000000003	21.989
418.84000000000003	20.389
419.84000000000003	14.364
420.84000000000003	11.978
421.841	8.389
422.84000000000003	7.881
423.84000000000003	6.225
424.841	11.535
425.84000000000003	11.777
426.84000000000003	11.358
427.841	7.305
428.84000000000003	7.97
429.84000000000003	11.393
430.841	13.024
431.841	11.74
432.84000000000003	7.538
433.84000000000003	11.512
434.84000000000003	11.696
435.84000000000003	11.62
436.84000000000003	14.212
437.84000000000003	11.172
438.84000000000003	9.779
439.84000000000003	10.465
440.84000000000003	17.107
441.84000000000003	12.247
442.84000000000003	12.484
443.84000000000003	12.267
444.841	9.056
445.84000000000003	18.06
446.84000000000003	19.261
447.84000000000003	17.236
448.84000000000003	16.014
449.84000000000003	5.704
450.841	12.86
451.84000000000003	19.671
452.84000000000003	20.579
453.84000000000003	19.673
454.841	26.989
455.84000000000003	35.868
456.841	39.113
457.84000000000003	36.391
458.841	36.648
459.841	24.031
460.84000000000003	21.835
461.84000000000003	29.088
462.84000000000003	40.409
463.84000000000003	41.466
464.84000000000003	44.857
465.84000000000003	31.85
466.84000000000003	47.546
467.84000000000003	53.135
468.841	45.795
469.84000000000003	41.709
470.84000000000003	30.575
471.84000000000003	38.218
472.841	58.556
473.84000000000003	50.986
474.84000000000003	46.813
475.841	28.061
476.84000000000003	39.55
477.84000000000003	55.115
478.84000000000003	45.127
479.841	35.79
480.84000000000003	27.457
481.84000000000003	40.501
482.84000000000003	42.475
483.84000000000003	36.582
484.84000000000003	39.079
485.84000000000003	33.683
486.84000000000003	38.893
487.84000000000003	29.553
488.841	27.485
489.841	29.657
490.841	29.705
491.84000000000003	46.133
492.84000000000003	44.859
493.84000000000003	46.641
494.84000000000003	33.942
495.84000000000003	25.832
496.84000000000003	38.706
497.84000000000003	35.317
498.84000000000003	37.866
499.841	49.519
500.84000000000003	36.158
501.84000000000003	34.701
502.84000000000003	52.225
503.84000000000003	40.688
504.841	39.759
505.84000000000003	35.847
506.841	34.668
507.841	39.399
508.84000000000003	29.353
509.84000000000003	27.158
510.84000000000003	26.221
511.841	40.01
512.841	36.737
513.84	30.184
514.84	34.581
515.84	29.389
516.84	40.054
517.84	22.573
518.84	20.615
519.84	15.087
520.84	12.009
521.84	10.595
522.841	9.536
523.841	12.832
524.84	25.369
525.84	26.427
526.84	10.119
527.84	26.33
528.84	40.26
529.84	45.465

