0.0	2.071
1.0	2.458
2.0	2.022
3.0	2.368
4.0	2.775
5.0	2.851
6.0	2.763
7.0	3.212
8.0	2.151
9.0	2.977
10.0	2.095
11.0	3.079
12.0	2.85
13.0	2.429
14.0	2.869
15.0	3.488
16.0	2.144
17.0	3.34
18.0	2.63
19.0	2.899
20.0	4.588
21.0	6.64
22.0	4.631
23.0	8.696
24.0	7.771
25.0	5.216
26.0	6.869
27.0	6.755
28.0	4.943
29.0	8.191
30.0	15.805
31.0	18.53
32.0	16.775
33.0	10.547
34.0	18.885
35.0	13.576
36.0	12.738
37.0	18.702
38.0	19.22
39.0	15.537
40.0	3.904
41.0	3.614
42.0	2.601
43.0	3.209
44.0	3.676
45.0	2.63
46.0	2.442
47.0	2.455
48.0	3.529
49.0	3.826
50.0	1.94
51.0	1.201
52.0	1.748
53.0	1.663
54.0	1.847
55.0	1.685
56.0	1.601
57.0	1.619
58.0	1.433
59.0	1.59
60.0	6.846
61.0	9.136
62.0	5.155
63.0	9.446
64.0	6.047
65.0	9.032
66.0	7.365
67.0	7.945
68.0	7.213
69.0	9.59
70.0	0.997
71.0	1.04
72.0	0.724
73.0	1.2
74.0	1.022
75.0	0.108
76.0	0.646
77.0	0.095
78.0	0.78
79.0	0.996
80.0	2.538
81.0	2.309
82.0	2.906
83.0	3.051
84.0	2.053
85.0	2.062
86.0	2.245
87.0	2.732
88.0	3.035
89.0	2.53
90.0	0.88
91.0	0.62
92.0	0.548
93.0	0.896
94.0	1.145
95.0	1.099
96.0	0.198
97.0	0.61
98.0	0.497
99.0	0.501
100.0	11.113
101.0	17.44
102.0	18.831
103.0	11.228
104.0	15.391
105.0	19.361
106.0	18.46
107.0	10.461
108.0	16.19
109.0	19.288
110.0	0.01
111.0	0.01
112.0	0.01
113.0	0.01
114.0	0.01
115.0	0.01
116.0	0.01
117.0	0.01
118.0	0.01
119.0	0.01
120.0	1.815
121.0	1.921
122.0	1.463
123.0	1.784
124.0	1.708
125.0	1.678
126.0	1.943
127.0	1.978
128.0	1.232
129.0	1.539
130.0	1.248
131.0	1.601
132.0	1.375
133.0	1.71
134.0	1.638
135.0	1.614
136.0	1.268
137.0	1.434
138.0	1.646
139.0	1.795
140.0	1.563
141.0	1.829
142.0	1.329
143.0	1.904
144.0	1.207
145.0	1.203
146.0	1.445
147.0	1.848
148.0	1.299
149.0	1.363
150.0	11.102
151.0	19.943
152.0	15.081
153.0	18.709
154.0	16.705
155.0	17.554
156.0	19.054
157.0	19.38
158.0	17.984
159.0	16.841
160.0	1.2
161.0	0.792
162.0	0.34
163.0	0.992
164.0	0.355
165.0	0.908
166.0	0.851
167.0	0.271
168.0	0.401
169.0	0.206
170.0	0.01
171.0	0.01
172.0	0.01
173.0	0.01
174.0	0.01
175.0	0.01
176.0	0.01
177.0	0.01
178.0	0.01
179.0	0.01
180.0	2.373
181.0	3.189
182.0	3.149
183.0	3.005
184.0	3.1
185.0	2.619
186.0	2.076
187.0	2.542
188.0	3.152
189.0	2.498

