0.0	0.511
1.0	0.847
2.0	1.121
3.0	0.68
4.0	0.051
5.0	0.057
6.0	1.131
7.0	0.485
8.0	1.079
9.0	0.631
10.0	2.905
11.0	3.211
12.0	3.964
13.0	2.528
14.0	2.484
15.0	2.05
16.0	3.212
17.0	3.181
18.0	3.71
19.0	3.361
20.0	0.01
21.0	0.01
22.0	0.01
23.0	0.01
24.0	0.01
25.0	0.01
26.0	0.01
27.0	0.01
28.0	0.01
29.0	0.01
30.0	11.909
31.0	12.992
32.0	13.671
33.0	19.699
34.0	19.569
35.0	10.925
36.0	17.591
37.0	12.599
38.0	19.48
39.0	16.819
40.0	1.196
41.0	0.057
42.0	0.87
43.0	0.47
44.0	0.337
45.0	0.866
46.0	0.37
47.0	0.468
48.0	0.119
49.0	1.018
50.0	10.635
51.0	17.509
52.0	10.142
53.0	17.421
54.0	15.961
55.0	17.294
56.0	13.38
57.0	18.52
58.0	12.645
59.0	11.349
60.0	1.057
61.0	0.339
62.0	0.814
63.0	0.729
64.0	0.652
65.0	0.466
66.0	0.2
67.0	0.873
68.0	1.072
69.0	0.677
70.0	0.01
71.0	0.01
72.0	0.01
73.0	0.01
74.0	0.01
75.0	0.01
76.0	0.01
77.0	0.01
78.0	0.01
79.0	0.01
80.0	0.01
81.0	0.01
82.0	0.01
83.0	0.01
84.0	0.01
85.0	0.01
86.0	0.01
87.0	0.01
88.0	0.01
89.0	0.01
90.0	7.359
91.0	5.991
92.0	9.2
93.0	8.281
94.0	6.676
95.0	9.894
96.0	8.511
97.0	4.724
98.0	5.107
99.0	9.169
100.0	0.01
101.0	0.01
102.0	0.01
103.0	0.01
104.0	0.01
105.0	0.01
106.0	0.01
107.0	0.01
108.0	0.01
109.0	0.01
110.0	2.836
111.0	2.516
112.0	2.37
113.0	2.281
114.0	3.694
115.0	2.664
116.0	3.116
117.0	2.013
118.0	3.537
119.0	3.454
120.0	1.552
121.0	1.716
122.0	1.404
123.0	1.73
124.0	1.896
125.0	1.509
126.0	1.361
127.0	1.432
128.0	1.833
129.0	1.854
130.0	1.343
131.0	1.207
132.0	1.687
133.0	1.443
134.0	1.438
135.0	1.996
136.0	1.937
137.0	1.675
138.0	1.875
139.0	1.348
140.0	0.095
141.0	0.855
142.0	0.392
143.0	0.506
144.0	0.928
145.0	1.124
146.0	0.02
147.0	0.516
148.0	0.588
149.0	0.132
150.0	15.785
151.0	14.407
152.0	15.11
153.0	10.485
154.0	15.992
155.0	10.271
156.0	19.998
157.0	18.155
158.0	10.006
159.0	11.503
160.0	0.531
161.0	0.427
162.0	0.954
163.0	1.017
164.0	0.317
165.0	1.07
166.0	0.935
167.0	1.026
168.0	0.609
169.0	0.849
170.0	0.368
171.0	0.277
172.0	0.26
173.0	0.819
174.0	0.09
175.0	0.517
176.0	1.035
177.0	1.107
178.0	0.14
179.0	0.3
180.0	0.756
181.0	0.062
182.0	0.934
183.0	0.921
184.0	0.67
185.0	0.607
186.0	0.002
187.0	0.798
188.0	0.401
189.0	0.202

