0.0	2.213
1.0	3.721
2.0	2.647
3.0	2.7
4.0	2.694
5.0	3.391
6.0	3.96
7.0	3.56
8.0	3.097
9.0	2.688
10.0	3.34
11.0	2.777
12.0	2.403
13.0	3.72
14.0	3.054
15.0	3.45
16.0	3.067
17.0	3.615
18.0	3.694
19.0	2.994
20.0	0.143
21.0	0.635
22.0	0.603
23.0	0.616
24.0	0.135
25.0	1.022
26.0	0.128
27.0	0.218
28.0	0.488
29.0	0.086
30.0	0.01
31.0	0.01
32.0	0.01
33.0	0.01
34.0	0.01
35.0	0.01
36.0	0.01
37.0	0.01
38.0	0.01
39.0	0.01
40.0	12.263
41.0	15.842
42.0	19.577
43.0	19.802
44.0	13.281
45.0	15.464
46.0	12.177
47.0	18.133
48.0	11.747
49.0	19.637
50.0	4.604
51.0	5.122
52.0	9.482
53.0	8.737
54.0	7.754
55.0	7.469
56.0	6.101
57.0	7.517
58.0	8.434
59.0	8.6
60.0	0.01
61.0	0.01
62.0	0.01
63.0	0.01
64.0	0.01
65.0	0.01
66.0	0.01
67.0	0.01
68.0	0.01
69.0	0.01
70.0	0.01
71.0	0.01
72.0	0.01
73.0	0.01
74.0	0.01
75.0	0.01
76.0	0.01
77.0	0.01
78.0	0.01
79.0	0.01
80.0	6.272
81.0	9.97
82.0	9.026
83.0	4.968
84.0	8.124
85.0	4.403
86.0	9.803
87.0	4.264
88.0	6.305
89.0	7.213
90.0	0.01
91.0	0.01
92.0	0.01
93.0	0.01
94.0	0.01
95.0	0.01
96.0	0.01
97.0	0.01
98.0	0.01
99.0	0.01
100.0	1.402
101.0	1.327
102.0	1.45
103.0	1.668
104.0	1.632
105.0	1.407
106.0	1.781
107.0	1.994
108.0	1.913
109.0	1.774
110.0	12.863
111.0	15.728
112.0	12.863
113.0	11.861
114.0	15.943
115.0	11.944
116.0	13.721
117.0	10.954
118.0	18.342
119.0	18.228
120.0	0.01
121.0	0.01
122.0	0.01
123.0	0.01
124.0	0.01
125.0	0.01
126.0	0.01
127.0	0.01
128.0	0.01
129.0	0.01
130.0	3.707
131.0	2.089
132.0	3.686
133.0	3.732
134.0	2.308
135.0	2.899
136.0	2.4
137.0	2.858
138.0	3.701
139.0	3.065
140.0	8.253
141.0	5.879
142.0	8.806
143.0	8.392
144.0	9.434
145.0	8.985
146.0	6.769
147.0	7.867
148.0	9.868
149.0	8.402
150.0	0.075
151.0	0.446
152.0	0.912
153.0	0.38
154.0	0.43
155.0	0.223
156.0	0.544
157.0	0.173
158.0	0.339
159.0	0.354
160.0	0.873
161.0	1.107
162.0	0.699
163.0	0.647
164.0	1.196
165.0	0.774
166.0	0.598
167.0	1.141
168.0	0.071
169.0	1.06
170.0	7.03
171.0	5.189
172.0	9.717
173.0	9.435
174.0	8.095
175.0	6.619
176.0	5.703
177.0	5.985
178.0	4.871
179.0	8.303
180.0	0.006
181.0	0.262
182.0	0.091
183.0	0.283
184.0	0.945
185.0	0.246
186.0	1.097
187.0	0.763
188.0	0.618
189.0	0.644

