0.0	0.408
1.0	0.264
2.0	0.039
3.0	0.883
4.0	0.674
5.0	0.386
6.0	0.245
7.0	0.494
8.0	0.345
9.0	0.585
10.0	0.01
11.0	0.01
12.0	0.01
13.0	0.01
14.0	0.01
15.0	0.01
16.0	0.01
17.0	0.01
18.0	0.01
19.0	0.01
20.0	2.593
21.0	3.338
22.0	2.533
23.0	3.243
24.0	2.163
25.0	3.749
26.0	2.886
27.0	2.316
28.0	2.128
29.0	3.338
30.0	3.73
31.0	3.459
32.0	3.146
33.0	2.473
34.0	2.338
35.0	2.64
36.0	3.919
37.0	3.932
38.0	3.617
39.0	2.249
40.0	18.094
41.0	19.347
42.0	15.217
43.0	15.949
44.0	11.354
45.0	14.403
46.0	10.044
47.0	19.537
48.0	18.96
49.0	11.293
50.0	11.409
51.0	18.5
52.0	16.128
53.0	17.154
54.0	12.483
55.0	17.536
56.0	19.683
57.0	14.414
58.0	18.697
59.0	10.055
60.0	1.594
61.0	1.968
62.0	1.811
63.0	1.368
64.0	1.98
65.0	1.815
66.0	1.733
67.0	1.42
68.0	1.506
69.0	1.807
70.0	6.719
71.0	5.116
72.0	7.349
73.0	4.064
74.0	6.285
75.0	5.342
76.0	4.839
77.0	5.659
78.0	4.133
79.0	7.429
80.0	1.871
81.0	1.712
82.0	1.819
83.0	1.871
84.0	1.573
85.0	1.801
86.0	1.561
87.0	1.263
88.0	1.246
89.0	1.204
90.0	0.438
91.0	0.439
92.0	0.146
93.0	0.753
94.0	0.758
95.0	0.521
96.0	0.115
97.0	0.214
98.0	0.595
99.0	0.358
100.0	3.113
101.0	2.717
102.0	2.344
103.0	3.932
104.0	2.353
105.0	3.167
106.0	3.942
107.0	3.611
108.0	2.247
109.0	2.215
110.0	0.01
111.0	0.01
112.0	0.01
113.0	0.01
114.0	0.01
115.0	0.01
116.0	0.01
117.0	0.01
118.0	0.01
119.0	0.01
120.0	0.01
121.0	0.01
122.0	0.01
123.0	0.01
124.0	0.01
125.0	0.01
126.0	0.01
127.0	0.01
128.0	0.01
129.0	0.01
130.0	7.252
131.0	9.536
132.0	5.023
133.0	4.126
134.0	7.741
135.0	4.612
136.0	9.859
137.0	8.408
138.0	8.879
139.0	5.288
140.0	0.01
141.0	0.01
142.0	0.01
143.0	0.01
144.0	0.01
145.0	0.01
146.0	0.01
147.0	0.01
148.0	0.01
149.0	0.01
150.0	11.95
151.0	17.196
152.0	16.714
153.0	15.424
154.0	10.812
155.0	10.973
156.0	15.639
157.0	18.977
158.0	12.286
159.0	18.7
160.0	9.193
161.0	7.341
162.0	8.153
163.0	4.301
164.0	9.156
165.0	8.833
166.0	8.227
167.0	8.36
168.0	6.61
169.0	4.304
170.0	1.298
171.0	1.373
172.0	1.424
173.0	1.529
174.0	1.853
175.0	1.359
176.0	1.933
177.0	1.884
178.0	1.913
179.0	1.706
180.0	0.302
181.0	0.011
182.0	0.233
183.0	0.823
184.0	0.738
185.0	0.354
186.0	0.64
187.0	0.947
188.0	0.15
189.0	0.495

