0.0	3.878
1.0	2.112
2.0	2.867
3.0	2.005
4.0	2.544
5.0	2.897
6.0	3.084
7.0	2.341
8.0	3.379
9.0	3.155
10.0	1.016
11.0	0.046
12.0	1.044
13.0	0.033
14.0	0.025
15.0	0.634
16.0	0.062
17.0	0.183
18.0	0.132
19.0	0.635
20.0	0.66
21.0	0.447
22.0	0.042
23.0	0.075
24.0	0.765
25.0	0.696
26.0	0.938
27.0	0.086
28.0	0.303
29.0	0.195
30.0	9.331
31.0	5.214
32.0	6.982
33.0	4.844
34.0	6.093
35.0	6.287
36.0	4.053
37.0	7.305
38.0	4.619
39.0	8.731
40.0	9.867
41.0	9.67
42.0	4.305
43.0	7.419
44.0	6.347
45.0	6.38
46.0	7.9
47.0	4.64
48.0	9.721
49.0	8.814
50.0	11.638
51.0	16.204
52.0	11.923
53.0	12.767
54.0	17.553
55.0	15.196
56.0	13.254
57.0	10.404
58.0	11.289
59.0	12.164
60.0	14.019
61.0	15.089
62.0	18.091
63.0	11.282
64.0	12.127
65.0	19.864
66.0	17.789
67.0	18.001
68.0	19.045
69.0	19.523
70.0	8.767
71.0	6.66
72.0	5.442
73.0	7.547
74.0	5.578
75.0	4.888
76.0	7.847
77.0	4.154
78.0	6.457
79.0	9.154
80.0	10.699
81.0	19.404
82.0	15.27
83.0	12.551
84.0	17.27
85.0	11.725
86.0	19.789
87.0	19.915
88.0	17.279
89.0	10.662
90.0	1.063
91.0	0.199
92.0	0.814
93.0	0.266
94.0	0.306
95.0	0.635
96.0	0.396
97.0	0.978
98.0	0.901
99.0	1.132
100.0	3.177
101.0	2.669
102.0	3.531
103.0	2.589
104.0	3.743
105.0	2.548
106.0	3.294
107.0	2.838
108.0	2.437
109.0	3.881
110.0	1.355
111.0	1.804
112.0	1.327
113.0	1.38
114.0	1.437
115.0	1.559
116.0	1.975
117.0	1.291
118.0	1.675
119.0	1.501
120.0	6.659
121.0	6.393
122.0	9.138
123.0	7.183
124.0	7.267
125.0	8.794
126.0	4.854
127.0	6.097
128.0	6.202
129.0	5.222
130.0	3.753
131.0	3.843
132.0	2.451
133.0	3.557
134.0	3.362
135.0	3.557
136.0	3.901
137.0	3.883
138.0	3.019
139.0	3.355
140.0	18.37
141.0	15.026
142.0	12.085
143.0	17.811
144.0	17.622
145.0	18.336
146.0	11.627
147.0	10.189
148.0	18.159
149.0	11.503
150.0	17.878
151.0	12.955
152.0	12.818
153.0	12.487
154.0	11.079
155.0	15.804
156.0	19.634
157.0	11.906
158.0	18.541
159.0	17.348
160.0	1.087
161.0	1.177
162.0	1.002
163.0	0.723
164.0	0.618
165.0	0.519
166.0	0.238
167.0	0.678
168.0	0.801
169.0	0.628
170.0	10.934
171.0	12.237
172.0	18.627
173.0	18.49
174.0	12.675
175.0	20.0
176.0	15.657
177.0	16.305
178.0	15.374
179.0	15.537
180.0	1.538
181.0	1.938
182.0	1.822
183.0	1.81
184.0	1.701
185.0	1.783
186.0	1.98
187.0	1.754
188.0	1.605
189.0	1.341

