0.0	8.645
1.0	9.958
2.0	4.739
3.0	7.883
4.0	9.241
5.0	8.147
6.0	8.552
7.0	7.652
8.0	9.351
9.0	8.401
10.0	0.01
11.0	0.01
12.0	0.01
13.0	0.01
14.0	0.01
15.0	0.01
16.0	0.01
17.0	0.01
18.0	0.01
19.0	0.01
20.0	1.533
21.0	1.505
22.0	1.673
23.0	1.455
24.0	1.332
25.0	1.961
26.0	1.557
27.0	1.708
28.0	1.554
29.0	1.863
30.0	1.646
31.0	1.784
32.0	1.479
33.0	1.846
34.0	1.951
35.0	1.968
36.0	1.664
37.0	1.261
38.0	1.807
39.0	1.37
40.0	10.791
41.0	19.741
42.0	14.237
43.0	18.089
44.0	10.356
45.0	14.277
46.0	14.86
47.0	11.956
48.0	17.367
49.0	11.756
50.0	1.65
51.0	1.514
52.0	1.351
53.0	1.285
54.0	1.228
55.0	1.443
56.0	1.549
57.0	1.881
58.0	1.953
59.0	1.652
60.0	0.071
61.0	0.391
62.0	0.192
63.0	0.436
64.0	0.91
65.0	1.08
66.0	0.968
67.0	0.853
68.0	0.628
69.0	0.017
70.0	3.957
71.0	3.09
72.0	2.753
73.0	3.262
74.0	2.905
75.0	2.781
76.0	2.322
77.0	2.999
78.0	3.873
79.0	3.606
80.0	0.01
81.0	0.01
82.0	0.01
83.0	0.01
84.0	0.01
85.0	0.01
86.0	0.01
87.0	0.01
88.0	0.01
89.0	0.01
90.0	0.485
91.0	0.823
92.0	1.117
93.0	0.232
94.0	0.178
95.0	0.506
96.0	1.182
97.0	0.472
98.0	0.126
99.0	0.878
100.0	3.122
101.0	3.243
102.0	2.114
103.0	2.433
104.0	3.791
105.0	3.941
106.0	3.669
107.0	3.355
108.0	2.887
109.0	3.525
110.0	0.01
111.0	0.01
112.0	0.01
113.0	0.01
114.0	0.01
115.0	0.01
116.0	0.01
117.0	0.01
118.0	0.01
119.0	0.01
120.0	0.534
121.0	1.173
122.0	0.966
123.0	0.401
124.0	0.475
125.0	0.801
126.0	0.335
127.0	0.888
128.0	0.5
129.0	1.147
130.0	0.01
131.0	0.01
132.0	0.01
133.0	0.01
134.0	0.01
135.0	0.01
136.0	0.01
137.0	0.01
138.0	0.01
139.0	0.01
140.0	0.01
141.0	0.01
142.0	0.01
143.0	0.01
144.0	0.01
145.0	0.01
146.0	0.01
147.0	0.01
148.0	0.01
149.0	0.01
150.0	0.928
151.0	0.024
152.0	0.521
153.0	1.186
154.0	0.507
155.0	0.057
156.0	1.102
157.0	0.789
158.0	0.128
159.0	1.103
160.0	16.37
161.0	18.389
162.0	15.216
163.0	14.021
164.0	17.405
165.0	19.723
166.0	15.012
167.0	10.128
168.0	19.618
169.0	12.927
170.0	15.435
171.0	18.217
172.0	13.873
173.0	14.605
174.0	19.152
175.0	18.388
176.0	14.252
177.0	12.323
178.0	17.052
179.0	19.372
180.0	5.688
181.0	7.268
182.0	9.122
183.0	5.64
184.0	9.899
185.0	4.036
186.0	7.238
187.0	4.988
188.0	9.641
189.0	5.624

