0.0	2.006
1.0	3.632
2.0	2.68
3.0	2.114
4.0	2.477
5.0	2.441
6.0	3.796
7.0	2.327
8.0	2.11
9.0	2.989
10.0	8.995
11.0	6.021
12.0	8.282
13.0	4.583
14.0	9.616
15.0	8.391
16.0	8.559
17.0	6.338
18.0	7.133
19.0	8.849
20.0	1.697
21.0	1.536
22.0	1.705
23.0	1.799
24.0	1.586
25.0	1.493
26.0	1.836
27.0	1.602
28.0	1.886
29.0	1.495
30.0	3.898
31.0	2.328
32.0	3.281
33.0	3.253
34.0	3.181
35.0	2.105
36.0	3.252
37.0	3.211
38.0	3.463
39.0	2.347
40.0	3.757
41.0	3.874
42.0	3.083
43.0	3.097
44.0	2.827
45.0	2.57
46.0	2.825
47.0	3.778
48.0	2.524
49.0	2.268
50.0	11.684
51.0	11.101
52.0	11.698
53.0	11.669
54.0	11.194
55.0	19.267
56.0	13.119
57.0	10.104
58.0	16.209
59.0	11.373
60.0	1.619
61.0	1.397
62.0	1.422
63.0	1.263
64.0	1.359
65.0	1.441
66.0	1.687
67.0	1.455
68.0	1.479
69.0	1.608
70.0	0.52
71.0	0.584
72.0	0.367
73.0	1.185
74.0	1.162
75.0	0.976
76.0	0.732
77.0	1.026
78.0	0.707
79.0	1.173
80.0	0.01
81.0	0.01
82.0	0.01
83.0	0.01
84.0	0.01
85.0	0.01
86.0	0.01
87.0	0.01
88.0	0.01
89.0	0.01
90.0	15.06
91.0	10.924
92.0	18.134
93.0	15.243
94.0	14.361
95.0	12.108
96.0	18.948
97.0	13.061
98.0	13.419
99.0	19.195
100.0	1.249
101.0	1.777
102.0	1.799
103.0	1.335
104.0	1.645
105.0	1.445
106.0	1.566
107.0	1.944
108.0	1.491
109.0	1.214
110.0	3.935
111.0	2.229
112.0	2.82
113.0	3.481
114.0	3.611
115.0	3.574
116.0	2.587
117.0	2.411
118.0	2.432
119.0	3.027
120.0	1.59
121.0	1.642
122.0	1.543
123.0	1.893
124.0	1.472
125.0	1.683
126.0	1.995
127.0	1.611
128.0	1.373
129.0	1.689
130.0	3.592
131.0	3.847
132.0	2.393
133.0	3.17
134.0	2.331
135.0	2.759
136.0	3.863
137.0	3.73
138.0	3.96
139.0	2.124
140.0	2.32
141.0	3.585
142.0	2.962
143.0	2.795
144.0	2.625
145.0	2.172
146.0	2.156
147.0	2.261
148.0	2.899
149.0	3.648
150.0	0.68
151.0	0.824
152.0	0.836
153.0	0.92
154.0	1.151
155.0	0.697
156.0	0.054
157.0	1.114
158.0	1.157
159.0	0.064
160.0	2.714
161.0	2.057
162.0	2.683
163.0	2.967
164.0	2.824
165.0	3.686
166.0	2.705
167.0	2.27
168.0	2.933
169.0	2.784
170.0	0.709
171.0	0.108
172.0	1.031
173.0	0.933
174.0	0.377
175.0	0.86
176.0	0.993
177.0	0.463
178.0	1.045
179.0	0.201
180.0	1.213
181.0	1.562
182.0	1.996
183.0	1.741
184.0	1.989
185.0	1.488
186.0	1.376
187.0	1.953
188.0	1.345
189.0	1.857

