0.0	6.612
1.0	9.99
2.0	6.876
3.0	8.63
4.0	7.449
5.0	4.565
6.0	6.443
7.0	9.823
8.0	7.831
9.0	4.389
10.0	9.842
11.0	5.399
12.0	4.247
13.0	9.909
14.0	4.809
15.0	6.378
16.0	8.092
17.0	8.321
18.0	7.284
19.0	5.411
20.0	6.731
21.0	9.26
22.0	4.556
23.0	8.932
24.0	9.061
25.0	4.138
26.0	9.934
27.0	5.894
28.0	6.419
29.0	4.892
30.0	3.24
31.0	3.259
32.0	3.91
33.0	3.169
34.0	2.834
35.0	2.149
36.0	2.161
37.0	2.525
38.0	3.867
39.0	2.19
40.0	9.089
41.0	4.052
42.0	6.54
43.0	4.949
44.0	4.704
45.0	9.666
46.0	4.061
47.0	6.582
48.0	6.659
49.0	4.206
50.0	15.504
51.0	15.508
52.0	15.486
53.0	16.464
54.0	12.765
55.0	15.808
56.0	16.157
57.0	10.212
58.0	18.858
59.0	18.092
60.0	1.226
61.0	1.297
62.0	1.98
63.0	1.619
64.0	1.822
65.0	1.847
66.0	1.301
67.0	1.418
68.0	1.492
69.0	1.245
70.0	0.01
71.0	0.01
72.0	0.01
73.0	0.01
74.0	0.01
75.0	0.01
76.0	0.01
77.0	0.01
78.0	0.01
79.0	0.01
80.0	19.527
81.0	13.33
82.0	11.692
83.0	10.456
84.0	19.552
85.0	13.14
86.0	19.747
87.0	13.719
88.0	11.102
89.0	18.39
90.0	7.217
91.0	6.229
92.0	8.685
93.0	9.333
94.0	8.04
95.0	8.162
96.0	5.963
97.0	8.581
98.0	4.095
99.0	7.294
100.0	3.458
101.0	2.988
102.0	2.327
103.0	2.125
104.0	2.878
105.0	2.072
106.0	3.889
107.0	2.168
108.0	3.166
109.0	2.316
110.0	3.054
111.0	3.652
112.0	2.077
113.0	3.93
114.0	2.853
115.0	3.678
116.0	2.677
117.0	3.845
118.0	3.684
119.0	2.233
120.0	0.214
121.0	0.449
122.0	0.973
123.0	0.268
124.0	0.687
125.0	1.021
126.0	0.168
127.0	0.276
128.0	0.451
129.0	1.064
130.0	0.01
131.0	0.01
132.0	0.01
133.0	0.01
134.0	0.01
135.0	0.01
136.0	0.01
137.0	0.01
138.0	0.01
139.0	0.01
140.0	7.929
141.0	6.644
142.0	6.275
143.0	9.145
144.0	5.826
145.0	4.426
146.0	4.378
147.0	9.706
148.0	6.691
149.0	8.374
150.0	2.581
151.0	2.956
152.0	3.144
153.0	2.231
154.0	2.213
155.0	2.369
156.0	3.893
157.0	2.806
158.0	3.157
159.0	2.303
160.0	0.01
161.0	0.01
162.0	0.01
163.0	0.01
164.0	0.01
165.0	0.01
166.0	0.01
167.0	0.01
168.0	0.01
169.0	0.01
170.0	7.169
171.0	5.596
172.0	8.586
173.0	8.594
174.0	5.116
175.0	6.185
176.0	7.607
177.0	9.903
178.0	7.274
179.0	9.691
180.0	2.503
181.0	2.093
182.0	3.424
183.0	2.696
184.0	2.054
185.0	3.539
186.0	3.111
187.0	2.782
188.0	2.867
189.0	2.87

