0.0	14.157
1.0	13.212
2.0	11.083
3.0	11.41
4.0	15.311
5.0	19.05
6.0	10.045
7.0	15.01
8.0	11.122
9.0	17.335
10.0	7.11
11.0	4.973
12.0	9.557
13.0	6.891
14.0	4.161
15.0	6.963
16.0	5.401
17.0	5.678
18.0	9.02
19.0	9.49
20.0	3.19
21.0	2.148
22.0	2.055
23.0	3.737
24.0	3.395
25.0	3.812
26.0	2.74
27.0	2.885
28.0	2.904
29.0	3.258
30.0	1.829
31.0	1.447
32.0	1.908
33.0	1.453
34.0	1.371
35.0	1.276
36.0	1.967
37.0	1.822
38.0	1.887
39.0	1.976
40.0	0.01
41.0	0.01
42.0	0.01
43.0	0.01
44.0	0.01
45.0	0.01
46.0	0.01
47.0	0.01
48.0	0.01
49.0	0.01
50.0	1.861
51.0	1.218
52.0	1.933
53.0	1.743
54.0	1.458
55.0	1.25
56.0	1.476
57.0	1.203
58.0	1.635
59.0	1.495
60.0	1.34
61.0	1.904
62.0	1.664
63.0	1.631
64.0	1.663
65.0	1.978
66.0	1.439
67.0	1.828
68.0	1.68
69.0	1.664
70.0	0.01
71.0	0.01
72.0	0.01
73.0	0.01
74.0	0.01
75.0	0.01
76.0	0.01
77.0	0.01
78.0	0.01
79.0	0.01
80.0	0.01
81.0	0.01
82.0	0.01
83.0	0.01
84.0	0.01
85.0	0.01
86.0	0.01
87.0	0.01
88.0	0.01
89.0	0.01
90.0	1.998
91.0	1.249
92.0	1.866
93.0	1.493
94.0	1.821
95.0	1.344
96.0	1.802
97.0	1.497
98.0	1.32
99.0	1.3
100.0	13.99
101.0	12.748
102.0	14.082
103.0	16.839
104.0	17.125
105.0	17.478
106.0	12.636
107.0	19.732
108.0	11.925
109.0	15.672
110.0	0.01
111.0	0.01
112.0	0.01
113.0	0.01
114.0	0.01
115.0	0.01
116.0	0.01
117.0	0.01
118.0	0.01
119.0	0.01
120.0	8.927
121.0	6.253
122.0	5.262
123.0	4.168
124.0	4.789
125.0	4.99
126.0	8.469
127.0	8.655
128.0	7.224
129.0	8.031
130.0	3.184
131.0	3.249
132.0	3.91
133.0	3.69
134.0	2.897
135.0	2.053
136.0	3.793
137.0	3.329
138.0	3.41
139.0	2.532
140.0	0.01
141.0	0.01
142.0	0.01
143.0	0.01
144.0	0.01
145.0	0.01
146.0	0.01
147.0	0.01
148.0	0.01
149.0	0.01
150.0	0.422
151.0	0.864
152.0	0.799
153.0	0.535
154.0	1.131
155.0	0.525
156.0	0.606
157.0	0.45
158.0	0.812
159.0	1.112
160.0	3.062
161.0	3.399
162.0	2.166
163.0	3.953
164.0	3.478
165.0	3.472
166.0	2.945
167.0	2.053
168.0	2.127
169.0	2.601
170.0	4.109
171.0	6.216
172.0	8.731
173.0	5.12
174.0	5.451
175.0	5.035
176.0	5.223
177.0	8.682
178.0	8.861
179.0	7.465
180.0	1.448
181.0	1.835
182.0	1.25
183.0	1.426
184.0	1.587
185.0	1.907
186.0	1.786
187.0	1.284
188.0	1.705
189.0	1.676

