0.0	2.153
1.0	3.487
2.0	2.856
3.0	2.627
4.0	2.394
5.0	2.069
6.0	2.275
7.0	2.474
8.0	3.791
9.0	2.312
10.0	2.375
11.0	3.048
12.0	2.167
13.0	2.885
14.0	2.706
15.0	3.892
16.0	3.842
17.0	2.766
18.0	3.904
19.0	2.767
20.0	2.786
21.0	2.497
22.0	3.141
23.0	2.851
24.0	3.129
25.0	2.068
26.0	3.236
27.0	3.111
28.0	2.59
29.0	2.677
30.0	5.711
31.0	7.543
32.0	9.605
33.0	5.482
34.0	6.275
35.0	5.005
36.0	8.736
37.0	9.24
38.0	4.132
39.0	6.431
40.0	18.214
41.0	17.417
42.0	17.601
43.0	12.824
44.0	12.07
45.0	17.327
46.0	15.919
47.0	16.258
48.0	19.375
49.0	19.662
50.0	3.33
51.0	3.844
52.0	3.015
53.0	3.31
54.0	3.66
55.0	2.034
56.0	3.667
57.0	3.463
58.0	3.892
59.0	2.001
60.0	1.89
61.0	1.695
62.0	1.492
63.0	1.535
64.0	1.564
65.0	1.921
66.0	1.945
67.0	1.394
68.0	1.777
69.0	1.495
70.0	7.974
71.0	4.098
72.0	7.51
73.0	8.931
74.0	4.592
75.0	6.321
76.0	7.073
77.0	4.481
78.0	4.59
79.0	6.871
80.0	0.01
81.0	0.01
82.0	0.01
83.0	0.01
84.0	0.01
85.0	0.01
86.0	0.01
87.0	0.01
88.0	0.01
89.0	0.01
90.0	2.994
91.0	3.178
92.0	2.235
93.0	2.827
94.0	2.934
95.0	2.477
96.0	3.721
97.0	2.716
98.0	2.802
99.0	3.618
100.0	1.357
101.0	1.938
102.0	1.641
103.0	1.797
104.0	1.746
105.0	1.252
106.0	1.488
107.0	1.365
108.0	1.391
109.0	1.853
110.0	6.645
111.0	6.062
112.0	4.538
113.0	5.413
114.0	8.753
115.0	4.82
116.0	5.605
117.0	5.565
118.0	4.277
119.0	5.082
120.0	2.316
121.0	3.569
122.0	2.786
123.0	3.628
124.0	2.214
125.0	2.872
126.0	3.867
127.0	2.702
128.0	2.152
129.0	3.516
130.0	14.263
131.0	19.229
132.0	11.962
133.0	16.817
134.0	18.471
135.0	15.937
136.0	10.064
137.0	18.711
138.0	19.829
139.0	18.578
140.0	1.494
141.0	1.895
142.0	1.909
143.0	1.92
144.0	1.592
145.0	1.598
146.0	1.697
147.0	1.25
148.0	1.366
149.0	1.464
150.0	9.131
151.0	5.877
152.0	4.926
153.0	8.693
154.0	7.236
155.0	4.18
156.0	4.726
157.0	9.321
158.0	5.575
159.0	8.642
160.0	1.013
161.0	0.416
162.0	0.231
163.0	0.11
164.0	0.222
165.0	0.133
166.0	0.259
167.0	0.757
168.0	0.338
169.0	0.515
170.0	4.064
171.0	7.001
172.0	4.904
173.0	8.629
174.0	6.221
175.0	5.555
176.0	4.22
177.0	7.768
178.0	6.759
179.0	7.708
180.0	0.01
181.0	0.01
182.0	0.01
183.0	0.01
184.0	0.01
185.0	0.01
186.0	0.01
187.0	0.01
188.0	0.01
189.0	0.01

