0.0	7.174
1.0	4.663
2.0	7.717
3.0	8.912
4.0	5.832
5.0	5.381
6.0	9.977
7.0	8.269
8.0	4.354
9.0	5.9
10.0	18.322
11.0	18.669
12.0	11.752
13.0	19.961
14.0	19.502
15.0	19.28
16.0	18.228
17.0	18.854
18.0	11.673
19.0	14.619
20.0	2.934
21.0	2.846
22.0	3.528
23.0	2.156
24.0	3.479
25.0	3.858
26.0	2.635
27.0	3.587
28.0	2.332
29.0	3.073
30.0	3.75
31.0	3.442
32.0	3.034
33.0	2.72
34.0	2.167
35.0	3.925
36.0	3.558
37.0	2.427
38.0	2.377
39.0	3.079
40.0	0.01
41.0	0.01
42.0	0.01
43.0	0.01
44.0	0.01
45.0	0.01
46.0	0.01
47.0	0.01
48.0	0.01
49.0	0.01
50.0	3.856
51.0	3.892
52.0	3.492
53.0	2.66
54.0	2.258
55.0	2.868
56.0	2.948
57.0	2.137
58.0	3.249
59.0	3.435
60.0	4.699
61.0	7.451
62.0	6.21
63.0	9.832
64.0	6.632
65.0	4.858
66.0	8.861
67.0	9.351
68.0	9.879
69.0	9.792
70.0	0.01
71.0	0.01
72.0	0.01
73.0	0.01
74.0	0.01
75.0	0.01
76.0	0.01
77.0	0.01
78.0	0.01
79.0	0.01
80.0	13.795
81.0	17.954
82.0	14.741
83.0	14.364
84.0	12.359
85.0	19.005
86.0	14.488
87.0	10.08
88.0	13.292
89.0	11.078
90.0	9.118
91.0	9.953
92.0	9.003
93.0	6.764
94.0	5.444
95.0	7.927
96.0	7.94
97.0	6.765
98.0	6.465
99.0	9.054
100.0	0.489
101.0	1.119
102.0	0.936
103.0	0.737
104.0	0.36
105.0	0.839
106.0	0.039
107.0	0.606
108.0	0.498
109.0	0.986
110.0	10.312
111.0	16.301
112.0	16.243
113.0	12.15
114.0	13.392
115.0	15.151
116.0	16.431
117.0	11.279
118.0	17.602
119.0	15.333
120.0	0.01
121.0	0.01
122.0	0.01
123.0	0.01
124.0	0.01
125.0	0.01
126.0	0.01
127.0	0.01
128.0	0.01
129.0	0.01
130.0	0.01
131.0	0.01
132.0	0.01
133.0	0.01
134.0	0.01
135.0	0.01
136.0	0.01
137.0	0.01
138.0	0.01
139.0	0.01
140.0	1.12
141.0	0.681
142.0	0.064
143.0	0.445
144.0	0.252
145.0	0.443
146.0	0.235
147.0	0.168
148.0	0.929
149.0	0.777
150.0	4.619
151.0	6.863
152.0	8.356
153.0	5.589
154.0	4.995
155.0	6.717
156.0	9.353
157.0	4.862
158.0	8.639
159.0	6.129
160.0	9.141
161.0	6.127
162.0	5.685
163.0	5.716
164.0	5.619
165.0	4.874
166.0	9.783
167.0	8.184
168.0	9.353
169.0	4.921
170.0	0.01
171.0	0.01
172.0	0.01
173.0	0.01
174.0	0.01
175.0	0.01
176.0	0.01
177.0	0.01
178.0	0.01
179.0	0.01
180.0	4.743
181.0	5.81
182.0	6.502
183.0	5.099
184.0	5.983
185.0	5.615
186.0	5.11
187.0	7.282
188.0	9.399
189.0	7.783

