0.0	3.826
1.0	3.418
2.0	3.522
3.0	2.987
4.0	2.356
5.0	2.926
6.0	3.194
7.0	3.344
8.0	3.219
9.0	3.493
10.0	0.833
11.0	0.394
12.0	0.456
13.0	1.062
14.0	0.861
15.0	0.856
16.0	0.01
17.0	1.053
18.0	0.711
19.0	0.232
20.0	8.25
21.0	8.253
22.0	9.065
23.0	9.096
24.0	9.984
25.0	5.767
26.0	9.732
27.0	6.894
28.0	5.298
29.0	9.921
30.0	8.611
31.0	4.383
32.0	7.424
33.0	7.954
34.0	9.928
35.0	7.869
36.0	7.507
37.0	7.141
38.0	5.651
39.0	9.649
40.0	15.885
41.0	19.109
42.0	12.706
43.0	16.594
44.0	18.892
45.0	11.844
46.0	18.562
47.0	13.412
48.0	15.174
49.0	13.197
50.0	0.01
51.0	0.01
52.0	0.01
53.0	0.01
54.0	0.01
55.0	0.01
56.0	0.01
57.0	0.01
58.0	0.01
59.0	0.01
60.0	0.01
61.0	0.01
62.0	0.01
63.0	0.01
64.0	0.01
65.0	0.01
66.0	0.01
67.0	0.01
68.0	0.01
69.0	0.01
70.0	14.913
71.0	18.7
72.0	17.372
73.0	18.276
74.0	11.295
75.0	12.486
76.0	16.493
77.0	12.735
78.0	15.049
79.0	16.916
80.0	2.402
81.0	3.013
82.0	2.256
83.0	2.384
84.0	2.335
85.0	2.814
86.0	2.175
87.0	2.835
88.0	3.441
89.0	3.855
90.0	0.944
91.0	0.18
92.0	0.921
93.0	0.77
94.0	0.576
95.0	0.345
96.0	0.778
97.0	0.8
98.0	0.094
99.0	0.303
100.0	11.21
101.0	10.143
102.0	10.749
103.0	15.2
104.0	14.894
105.0	14.398
106.0	18.162
107.0	14.618
108.0	18.134
109.0	14.128
110.0	1.719
111.0	1.583
112.0	1.248
113.0	1.454
114.0	1.788
115.0	1.761
116.0	1.822
117.0	1.705
118.0	1.82
119.0	1.784
120.0	19.44
121.0	10.022
122.0	15.746
123.0	12.183
124.0	11.452
125.0	12.225
126.0	11.257
127.0	14.912
128.0	19.969
129.0	14.334
130.0	0.689
131.0	0.758
132.0	0.608
133.0	0.065
134.0	1.071
135.0	0.014
136.0	0.783
137.0	0.36
138.0	0.507
139.0	0.473
140.0	6.45
141.0	5.127
142.0	4.875
143.0	8.874
144.0	5.443
145.0	8.079
146.0	7.359
147.0	4.93
148.0	4.321
149.0	8.426
150.0	1.768
151.0	1.907
152.0	1.773
153.0	1.319
154.0	1.905
155.0	1.591
156.0	1.62
157.0	1.417
158.0	1.562
159.0	1.516
160.0	17.748
161.0	13.478
162.0	10.171
163.0	12.176
164.0	18.045
165.0	16.844
166.0	17.4
167.0	17.639
168.0	10.564
169.0	19.837
170.0	1.015
171.0	0.56
172.0	0.87
173.0	0.176
174.0	0.072
175.0	0.09
176.0	0.601
177.0	1.017
178.0	0.042
179.0	1.055
180.0	2.581
181.0	3.266
182.0	2.036
183.0	3.731
184.0	3.732
185.0	2.528
186.0	2.29
187.0	2.61
188.0	3.865
189.0	3.995

