0.0	1.555
1.0	1.682
2.0	1.951
3.0	1.318
4.0	1.623
5.0	1.587
6.0	1.591
7.0	1.556
8.0	1.693
9.0	1.472
10.0	0.01
11.0	0.01
12.0	0.01
13.0	0.01
14.0	0.01
15.0	0.01
16.0	0.01
17.0	0.01
18.0	0.01
19.0	0.01
20.0	0.01
21.0	0.01
22.0	0.01
23.0	0.01
24.0	0.01
25.0	0.01
26.0	0.01
27.0	0.01
28.0	0.01
29.0	0.01
30.0	7.633
31.0	4.169
32.0	5.316
33.0	9.995
34.0	9.543
35.0	4.375
36.0	5.051
37.0	9.12
38.0	9.796
39.0	9.396
40.0	9.711
41.0	7.381
42.0	6.544
43.0	6.608
44.0	4.993
45.0	9.841
46.0	7.708
47.0	6.843
48.0	5.534
49.0	5.352
50.0	2.249
51.0	2.371
52.0	3.823
53.0	3.788
54.0	3.764
55.0	2.848
56.0	2.232
57.0	3.525
58.0	2.26
59.0	2.034
60.0	0.858
61.0	0.046
62.0	0.446
63.0	0.045
64.0	0.278
65.0	0.068
66.0	0.748
67.0	0.737
68.0	0.252
69.0	0.523
70.0	13.837
71.0	13.604
72.0	18.671
73.0	14.841
74.0	10.582
75.0	11.473
76.0	12.758
77.0	13.787
78.0	16.791
79.0	12.654
80.0	0.796
81.0	0.173
82.0	0.341
83.0	0.796
84.0	0.628
85.0	0.671
86.0	0.684
87.0	0.828
88.0	0.593
89.0	0.164
90.0	3.034
91.0	3.672
92.0	3.789
93.0	3.774
94.0	3.374
95.0	2.16
96.0	2.685
97.0	3.974
98.0	3.103
99.0	2.885
100.0	3.264
101.0	2.358
102.0	3.855
103.0	2.787
104.0	3.276
105.0	3.77
106.0	3.066
107.0	2.936
108.0	2.678
109.0	3.192
110.0	1.751
111.0	1.3
112.0	1.637
113.0	1.918
114.0	1.987
115.0	1.629
116.0	1.447
117.0	1.45
118.0	1.899
119.0	1.362
120.0	3.201
121.0	2.686
122.0	3.781
123.0	2.273
124.0	2.173
125.0	3.327
126.0	3.391
127.0	3.146
128.0	3.258
129.0	3.458
130.0	0.189
131.0	0.206
132.0	0.926
133.0	0.715
134.0	1.024
135.0	0.59
136.0	0.505
137.0	0.571
138.0	0.226
139.0	0.687
140.0	0.849
141.0	0.176
142.0	1.085
143.0	0.431
144.0	0.709
145.0	0.109
146.0	0.459
147.0	0.134
148.0	0.065
149.0	0.905
150.0	3.728
151.0	2.522
152.0	2.013
153.0	3.928
154.0	3.656
155.0	2.856
156.0	3.004
157.0	3.605
158.0	2.07
159.0	3.661
160.0	10.498
161.0	11.477
162.0	11.157
163.0	17.72
164.0	17.708
165.0	14.869
166.0	11.792
167.0	13.821
168.0	10.014
169.0	16.335
170.0	0.071
171.0	0.868
172.0	0.013
173.0	0.274
174.0	0.936
175.0	0.4
176.0	0.327
177.0	0.746
178.0	0.556
179.0	0.192
180.0	3.458
181.0	2.907
182.0	2.143
183.0	3.416
184.0	3.778
185.0	3.52
186.0	2.509
187.0	3.315
188.0	2.656
189.0	2.176

