0.0	17.26
1.0	11.164
2.0	13.943
3.0	12.986
4.0	10.369
5.0	15.028
6.0	14.251
7.0	17.084
8.0	11.367
9.0	13.937
10.0	4.589
11.0	5.57
12.0	5.72
13.0	5.225
14.0	4.469
15.0	4.037
16.0	7.734
17.0	7.0
18.0	9.137
19.0	9.068
20.0	6.154
21.0	5.93
22.0	6.537
23.0	6.974
24.0	4.601
25.0	9.373
26.0	6.46
27.0	7.44
28.0	8.465
29.0	6.135
30.0	8.524
31.0	5.485
32.0	9.293
33.0	8.27
34.0	6.502
35.0	4.85
36.0	8.954
37.0	6.087
38.0	6.807
39.0	6.181
40.0	7.258
41.0	7.007
42.0	6.209
43.0	8.019
44.0	7.377
45.0	9.663
46.0	5.888
47.0	7.175
48.0	4.87
49.0	5.556
50.0	11.091
51.0	16.195
52.0	11.05
53.0	11.769
54.0	15.692
55.0	10.434
56.0	18.938
57.0	18.047
58.0	18.078
59.0	17.112
60.0	1.548
61.0	1.745
62.0	1.451
63.0	1.557
64.0	1.939
65.0	1.563
66.0	1.696
67.0	1.431
68.0	1.562
69.0	1.77
70.0	0.01
71.0	0.01
72.0	0.01
73.0	0.01
74.0	0.01
75.0	0.01
76.0	0.01
77.0	0.01
78.0	0.01
79.0	0.01
80.0	1.742
81.0	1.309
82.0	1.434
83.0	1.796
84.0	1.557
85.0	1.24
86.0	1.542
87.0	1.209
88.0	1.878
89.0	1.319
90.0	0.69
91.0	1.051
92.0	0.365
93.0	1.095
94.0	0.146
95.0	1.195
96.0	0.918
97.0	1.134
98.0	1.028
99.0	0.39
100.0	3.234
101.0	2.173
102.0	3.773
103.0	3.06
104.0	3.461
105.0	3.08
106.0	3.039
107.0	3.422
108.0	2.772
109.0	2.985
110.0	7.693
111.0	9.727
112.0	5.702
113.0	4.294
114.0	6.976
115.0	5.983
116.0	6.463
117.0	5.717
118.0	8.634
119.0	8.212
120.0	7.565
121.0	8.184
122.0	7.353
123.0	8.969
124.0	6.339
125.0	7.061
126.0	6.498
127.0	4.964
128.0	6.637
129.0	8.349
130.0	0.01
131.0	0.01
132.0	0.01
133.0	0.01
134.0	0.01
135.0	0.01
136.0	0.01
137.0	0.01
138.0	0.01
139.0	0.01
140.0	1.799
141.0	1.816
142.0	1.741
143.0	1.79
144.0	1.301
145.0	1.279
146.0	1.66
147.0	1.489
148.0	1.639
149.0	1.353
150.0	0.01
151.0	0.01
152.0	0.01
153.0	0.01
154.0	0.01
155.0	0.01
156.0	0.01
157.0	0.01
158.0	0.01
159.0	0.01
160.0	3.323
161.0	3.166
162.0	3.813
163.0	2.617
164.0	3.392
165.0	2.496
166.0	2.557
167.0	2.498
168.0	3.683
169.0	3.263
170.0	1.373
171.0	1.492
172.0	1.479
173.0	1.872
174.0	1.467
175.0	1.612
176.0	1.324
177.0	1.615
178.0	1.552
179.0	1.462
180.0	0.01
181.0	0.01
182.0	0.01
183.0	0.01
184.0	0.01
185.0	0.01
186.0	0.01
187.0	0.01
188.0	0.01
189.0	0.01

