0.0	1.087
1.0	0.124
2.0	1.14
3.0	0.781
4.0	0.574
5.0	1.06
6.0	0.033
7.0	0.085
8.0	0.081
9.0	1.144
10.0	1.823
11.0	1.626
12.0	1.223
13.0	1.642
14.0	1.617
15.0	1.352
16.0	1.582
17.0	1.677
18.0	1.93
19.0	1.505
20.0	6.359
21.0	5.178
22.0	5.782
23.0	6.824
24.0	4.081
25.0	8.058
26.0	4.384
27.0	7.095
28.0	8.771
29.0	6.763
30.0	1.577
31.0	1.669
32.0	1.705
33.0	1.395
34.0	1.494
35.0	1.499
36.0	1.503
37.0	1.342
38.0	1.684
39.0	1.634
40.0	13.96
41.0	18.387
42.0	17.835
43.0	10.753
44.0	15.897
45.0	14.023
46.0	16.756
47.0	19.397
48.0	17.04
49.0	12.16
50.0	2.358
51.0	2.992
52.0	2.393
53.0	2.087
54.0	2.283
55.0	3.471
56.0	2.458
57.0	2.714
58.0	2.116
59.0	3.509
60.0	0.548
61.0	0.167
62.0	0.175
63.0	0.695
64.0	0.541
65.0	0.309
66.0	0.783
67.0	0.654
68.0	0.411
69.0	0.887
70.0	0.904
71.0	1.043
72.0	0.62
73.0	0.391
74.0	0.094
75.0	0.366
76.0	1.049
77.0	0.938
78.0	0.266
79.0	0.562
80.0	7.157
81.0	7.035
82.0	6.466
83.0	8.078
84.0	4.58
85.0	9.733
86.0	5.529
87.0	9.605
88.0	8.716
89.0	7.909
90.0	0.01
91.0	0.01
92.0	0.01
93.0	0.01
94.0	0.01
95.0	0.01
96.0	0.01
97.0	0.01
98.0	0.01
99.0	0.01
100.0	0.01
101.0	0.01
102.0	0.01
103.0	0.01
104.0	0.01
105.0	0.01
106.0	0.01
107.0	0.01
108.0	0.01
109.0	0.01
110.0	12.052
111.0	19.687
112.0	13.877
113.0	18.978
114.0	13.03
115.0	19.643
116.0	18.784
117.0	19.538
118.0	13.796
119.0	16.694
120.0	13.021
121.0	17.514
122.0	12.382
123.0	16.016
124.0	19.149
125.0	10.496
126.0	18.777
127.0	14.495
128.0	16.654
129.0	14.182
130.0	0.352
131.0	1.056
132.0	0.98
133.0	0.898
134.0	1.042
135.0	0.813
136.0	0.013
137.0	0.725
138.0	0.183
139.0	0.459
140.0	2.371
141.0	2.973
142.0	3.385
143.0	2.558
144.0	2.82
145.0	3.452
146.0	2.194
147.0	3.273
148.0	2.968
149.0	2.203
150.0	6.178
151.0	8.833
152.0	5.541
153.0	9.596
154.0	6.403
155.0	9.853
156.0	6.946
157.0	8.264
158.0	6.86
159.0	6.937
160.0	7.32
161.0	7.665
162.0	5.629
163.0	6.269
164.0	8.185
165.0	5.223
166.0	9.579
167.0	4.996
168.0	9.839
169.0	7.654
170.0	3.787
171.0	2.96
172.0	2.86
173.0	3.015
174.0	2.105
175.0	2.367
176.0	3.598
177.0	3.088
178.0	2.266
179.0	2.44
180.0	1.826
181.0	1.641
182.0	1.71
183.0	1.96
184.0	1.764
185.0	1.223
186.0	1.672
187.0	1.355
188.0	1.46
189.0	1.906

