0.0	3.905
1.0	3.797
2.0	3.316
3.0	3.904
4.0	3.369
5.0	2.914
6.0	3.936
7.0	3.516
8.0	3.701
9.0	3.953
10.0	3.352
11.0	3.616
12.0	2.071
13.0	2.766
14.0	3.025
15.0	2.869
16.0	2.035
17.0	3.034
18.0	3.656
19.0	3.77
20.0	7.961
21.0	8.699
22.0	6.92
23.0	9.448
24.0	5.504
25.0	4.538
26.0	9.444
27.0	8.758
28.0	6.295
29.0	5.774
30.0	0.01
31.0	0.01
32.0	0.01
33.0	0.01
34.0	0.01
35.0	0.01
36.0	0.01
37.0	0.01
38.0	0.01
39.0	0.01
40.0	1.784
41.0	1.34
42.0	1.735
43.0	1.65
44.0	1.87
45.0	1.957
46.0	1.946
47.0	1.965
48.0	1.657
49.0	1.214
50.0	2.035
51.0	3.35
52.0	2.093
53.0	2.817
54.0	3.921
55.0	2.223
56.0	3.928
57.0	3.089
58.0	3.066
59.0	2.214
60.0	1.604
61.0	1.233
62.0	1.746
63.0	1.568
64.0	1.916
65.0	1.549
66.0	1.915
67.0	1.51
68.0	1.844
69.0	1.414
70.0	18.919
71.0	10.714
72.0	13.023
73.0	14.052
74.0	10.197
75.0	13.605
76.0	13.276
77.0	16.434
78.0	12.579
79.0	18.742
80.0	3.476
81.0	2.407
82.0	3.153
83.0	3.481
84.0	3.759
85.0	3.486
86.0	2.474
87.0	2.187
88.0	2.168
89.0	3.496
90.0	11.158
91.0	10.53
92.0	12.869
93.0	18.737
94.0	11.167
95.0	15.738
96.0	18.404
97.0	18.298
98.0	15.925
99.0	15.962
100.0	1.651
101.0	1.958
102.0	1.976
103.0	1.828
104.0	1.628
105.0	1.727
106.0	1.972
107.0	1.834
108.0	1.21
109.0	1.647
110.0	2.616
111.0	2.922
112.0	2.215
113.0	2.678
114.0	3.024
115.0	3.017
116.0	3.019
117.0	3.042
118.0	2.999
119.0	2.538
120.0	0.01
121.0	0.01
122.0	0.01
123.0	0.01
124.0	0.01
125.0	0.01
126.0	0.01
127.0	0.01
128.0	0.01
129.0	0.01
130.0	2.381
131.0	2.785
132.0	2.705
133.0	3.62
134.0	2.053
135.0	3.457
136.0	3.467
137.0	2.488
138.0	2.703
139.0	2.112
140.0	3.893
141.0	3.312
142.0	3.985
143.0	3.035
144.0	2.143
145.0	2.389
146.0	2.022
147.0	3.981
148.0	2.492
149.0	2.646
150.0	8.56
151.0	4.176
152.0	9.225
153.0	9.244
154.0	6.786
155.0	7.166
156.0	9.776
157.0	9.814
158.0	6.259
159.0	5.848
160.0	1.528
161.0	1.28
162.0	1.706
163.0	1.795
164.0	1.904
165.0	1.857
166.0	1.461
167.0	1.261
168.0	1.967
169.0	1.548
170.0	2.988
171.0	3.035
172.0	3.05
173.0	2.425
174.0	2.641
175.0	3.68
176.0	2.438
177.0	3.731
178.0	3.79
179.0	2.327
180.0	0.01
181.0	0.01
182.0	0.01
183.0	0.01
184.0	0.01
185.0	0.01
186.0	0.01
187.0	0.01
188.0	0.01
189.0	0.01

