0.0	0.137
1.0	0.096
2.0	0.374
3.0	0.336
4.0	0.643
5.0	1.14
6.0	1.007
7.0	0.28
8.0	0.054
9.0	0.475
10.0	1.779
11.0	1.458
12.0	1.905
13.0	1.222
14.0	1.446
15.0	1.458
16.0	1.507
17.0	1.784
18.0	1.355
19.0	1.333
20.0	9.596
21.0	7.358
22.0	5.915
23.0	8.198
24.0	9.216
25.0	7.075
26.0	5.252
27.0	6.57
28.0	8.764
29.0	7.133
30.0	1.713
31.0	1.262
32.0	1.586
33.0	1.772
34.0	1.484
35.0	1.388
36.0	1.955
37.0	1.948
38.0	1.639
39.0	1.911
40.0	0.614
41.0	0.719
42.0	0.782
43.0	0.998
44.0	0.006
45.0	0.266
46.0	0.526
47.0	0.97
48.0	1.14
49.0	0.325
50.0	1.755
51.0	1.714
52.0	1.445
53.0	1.378
54.0	1.828
55.0	1.396
56.0	1.241
57.0	1.699
58.0	1.763
59.0	1.482
60.0	0.169
61.0	0.314
62.0	0.231
63.0	0.958
64.0	0.058
65.0	0.322
66.0	0.413
67.0	0.841
68.0	0.427
69.0	0.136
70.0	1.017
71.0	0.587
72.0	0.1
73.0	0.293
74.0	1.162
75.0	0.274
76.0	1.191
77.0	1.097
78.0	1.009
79.0	0.641
80.0	9.775
81.0	6.009
82.0	5.583
83.0	6.418
84.0	7.442
85.0	8.466
86.0	7.541
87.0	5.101
88.0	7.66
89.0	7.026
90.0	2.066
91.0	3.842
92.0	3.187
93.0	2.234
94.0	3.625
95.0	3.966
96.0	2.762
97.0	2.6
98.0	2.16
99.0	3.688
100.0	15.005
101.0	15.788
102.0	14.96
103.0	17.39
104.0	11.156
105.0	16.749
106.0	14.79
107.0	13.987
108.0	17.39
109.0	10.229
110.0	1.854
111.0	1.308
112.0	1.838
113.0	1.897
114.0	1.766
115.0	1.496
116.0	1.989
117.0	1.833
118.0	1.44
119.0	1.48
120.0	0.01
121.0	0.01
122.0	0.01
123.0	0.01
124.0	0.01
125.0	0.01
126.0	0.01
127.0	0.01
128.0	0.01
129.0	0.01
130.0	0.01
131.0	0.01
132.0	0.01
133.0	0.01
134.0	0.01
135.0	0.01
136.0	0.01
137.0	0.01
138.0	0.01
139.0	0.01
140.0	16.671
141.0	16.967
142.0	14.967
143.0	16.879
144.0	11.692
145.0	17.984
146.0	13.659
147.0	19.723
148.0	16.937
149.0	15.38
150.0	0.53
151.0	1.031
152.0	0.59
153.0	0.846
154.0	0.63
155.0	0.314
156.0	0.51
157.0	0.9
158.0	0.037
159.0	1.155
160.0	2.885
161.0	2.626
162.0	2.166
163.0	3.293
164.0	2.889
165.0	3.058
166.0	3.486
167.0	2.219
168.0	3.095
169.0	2.803
170.0	4.886
171.0	7.732
172.0	6.038
173.0	8.726
174.0	6.429
175.0	5.624
176.0	6.312
177.0	8.186
178.0	9.601
179.0	7.018
180.0	0.523
181.0	0.713
182.0	0.107
183.0	0.936
184.0	1.02
185.0	0.524
186.0	0.384
187.0	0.243
188.0	0.834
189.0	1.079

