0.0	0.912
1.0	0.291
2.0	0.196
3.0	0.202
4.0	1.093
5.0	0.538
6.0	0.006
7.0	0.505
8.0	0.071
9.0	0.119
10.0	2.512
11.0	2.652
12.0	3.139
13.0	2.674
14.0	3.917
15.0	2.354
16.0	2.547
17.0	2.98
18.0	3.755
19.0	3.607
20.0	19.792
21.0	18.811
22.0	10.573
23.0	10.693
24.0	17.646
25.0	13.619
26.0	14.934
27.0	19.246
28.0	14.925
29.0	18.687
30.0	0.01
31.0	0.01
32.0	0.01
33.0	0.01
34.0	0.01
35.0	0.01
36.0	0.01
37.0	0.01
38.0	0.01
39.0	0.01
40.0	4.763
41.0	5.986
42.0	5.337
43.0	7.071
44.0	8.548
45.0	8.323
46.0	8.955
47.0	7.609
48.0	5.545
49.0	9.089
50.0	0.21
51.0	0.983
52.0	0.78
53.0	0.508
54.0	0.821
55.0	0.747
56.0	0.659
57.0	0.979
58.0	0.97
59.0	1.037
60.0	4.048
61.0	8.581
62.0	6.121
63.0	6.575
64.0	4.162
65.0	4.285
66.0	4.595
67.0	4.7
68.0	9.931
69.0	6.829
70.0	2.659
71.0	2.756
72.0	2.988
73.0	3.699
74.0	3.649
75.0	3.531
76.0	2.682
77.0	3.956
78.0	3.122
79.0	2.655
80.0	17.217
81.0	14.25
82.0	11.841
83.0	16.432
84.0	17.26
85.0	17.738
86.0	13.314
87.0	12.747
88.0	13.598
89.0	12.765
90.0	2.042
91.0	2.827
92.0	2.678
93.0	2.866
94.0	2.812
95.0	2.852
96.0	3.713
97.0	2.863
98.0	2.598
99.0	3.498
100.0	7.728
101.0	8.276
102.0	6.08
103.0	5.559
104.0	6.971
105.0	6.859
106.0	6.931
107.0	4.998
108.0	9.222
109.0	7.785
110.0	2.004
111.0	2.97
112.0	3.379
113.0	3.767
114.0	2.595
115.0	2.278
116.0	3.616
117.0	2.151
118.0	3.629
119.0	3.196
120.0	17.346
121.0	19.007
122.0	16.399
123.0	19.762
124.0	15.45
125.0	14.659
126.0	12.217
127.0	13.99
128.0	15.631
129.0	13.981
130.0	0.791
131.0	0.53
132.0	0.329
133.0	0.158
134.0	0.327
135.0	0.052
136.0	1.024
137.0	1.018
138.0	0.295
139.0	0.871
140.0	2.422
141.0	3.358
142.0	3.842
143.0	2.48
144.0	3.671
145.0	3.053
146.0	2.915
147.0	3.437
148.0	2.8
149.0	3.457
150.0	3.736
151.0	2.372
152.0	3.404
153.0	2.833
154.0	2.235
155.0	2.602
156.0	2.737
157.0	3.525
158.0	2.536
159.0	2.098
160.0	6.08
161.0	5.621
162.0	8.748
163.0	7.398
164.0	8.413
165.0	5.922
166.0	8.069
167.0	5.152
168.0	8.933
169.0	4.821
170.0	3.656
171.0	3.552
172.0	2.381
173.0	2.872
174.0	3.304
175.0	2.216
176.0	2.31
177.0	3.34
178.0	2.957
179.0	2.776
180.0	2.394
181.0	3.912
182.0	3.466
183.0	2.364
184.0	2.279
185.0	2.253
186.0	2.655
187.0	2.511
188.0	3.258
189.0	2.915

