0.0	1.669
1.0	1.504
2.0	1.641
3.0	1.454
4.0	1.742
5.0	1.976
6.0	1.951
7.0	1.747
8.0	1.64
9.0	1.48
10.0	6.795
11.0	5.133
12.0	4.115
13.0	8.967
14.0	4.703
15.0	5.544
16.0	6.29
17.0	8.196
18.0	5.756
19.0	8.411
20.0	0.01
21.0	0.01
22.0	0.01
23.0	0.01
24.0	0.01
25.0	0.01
26.0	0.01
27.0	0.01
28.0	0.01
29.0	0.01
30.0	0.01
31.0	0.01
32.0	0.01
33.0	0.01
34.0	0.01
35.0	0.01
36.0	0.01
37.0	0.01
38.0	0.01
39.0	0.01
40.0	1.556
41.0	1.69
42.0	1.916
43.0	1.564
44.0	1.357
45.0	1.282
46.0	1.646
47.0	1.626
48.0	1.267
49.0	1.847
50.0	0.306
51.0	0.987
52.0	1.04
53.0	0.27
54.0	0.023
55.0	0.138
56.0	1.057
57.0	0.188
58.0	0.41
59.0	0.626
60.0	0.01
61.0	0.01
62.0	0.01
63.0	0.01
64.0	0.01
65.0	0.01
66.0	0.01
67.0	0.01
68.0	0.01
69.0	0.01
70.0	3.854
71.0	2.905
72.0	3.923
73.0	2.305
74.0	2.79
75.0	2.208
76.0	3.428
77.0	3.292
78.0	3.544
79.0	3.569
80.0	0.629
81.0	0.942
82.0	0.724
83.0	0.317
84.0	0.903
85.0	0.6
86.0	0.133
87.0	0.369
88.0	0.121
89.0	0.918
90.0	0.01
91.0	0.01
92.0	0.01
93.0	0.01
94.0	0.01
95.0	0.01
96.0	0.01
97.0	0.01
98.0	0.01
99.0	0.01
100.0	4.614
101.0	5.306
102.0	7.58
103.0	5.786
104.0	8.596
105.0	6.606
106.0	5.132
107.0	7.372
108.0	6.744
109.0	4.81
110.0	3.656
111.0	2.037
112.0	3.017
113.0	3.374
114.0	2.723
115.0	2.936
116.0	3.189
117.0	3.49
118.0	2.292
119.0	3.881
120.0	2.396
121.0	3.924
122.0	3.582
123.0	2.659
124.0	3.703
125.0	2.234
126.0	4.0
127.0	2.509
128.0	2.082
129.0	3.873
130.0	5.412
131.0	5.628
132.0	7.795
133.0	5.855
134.0	7.615
135.0	4.522
136.0	6.32
137.0	8.253
138.0	8.987
139.0	7.332
140.0	10.906
141.0	14.48
142.0	13.527
143.0	18.635
144.0	10.043
145.0	14.973
146.0	18.603
147.0	14.665
148.0	11.479
149.0	18.096
150.0	0.133
151.0	0.941
152.0	0.093
153.0	1.163
154.0	0.357
155.0	0.541
156.0	0.065
157.0	0.443
158.0	0.389
159.0	1.088
160.0	1.329
161.0	1.744
162.0	1.225
163.0	1.251
164.0	1.679
165.0	1.975
166.0	1.647
167.0	1.954
168.0	1.981
169.0	1.947
170.0	2.732
171.0	3.47
172.0	2.358
173.0	3.074
174.0	2.56
175.0	2.462
176.0	2.559
177.0	3.556
178.0	3.062
179.0	3.73
180.0	1.39
181.0	1.646
182.0	1.287
183.0	1.694
184.0	1.212
185.0	1.43
186.0	1.22
187.0	1.395
188.0	1.625
189.0	1.842

