0.0	1.495
1.0	1.639
2.0	1.811
3.0	1.433
4.0	1.695
5.0	1.204
6.0	1.939
7.0	1.727
8.0	1.924
9.0	1.535
10.0	0.716
11.0	0.379
12.0	0.923
13.0	1.055
14.0	0.325
15.0	1.045
16.0	1.094
17.0	0.973
18.0	1.134
19.0	0.347
20.0	3.394
21.0	3.817
22.0	3.317
23.0	3.133
24.0	3.647
25.0	3.45
26.0	3.471
27.0	2.83
28.0	3.7
29.0	3.107
30.0	0.01
31.0	0.01
32.0	0.01
33.0	0.01
34.0	0.01
35.0	0.01
36.0	0.01
37.0	0.01
38.0	0.01
39.0	0.01
40.0	1.668
41.0	1.785
42.0	1.268
43.0	1.895
44.0	1.909
45.0	1.609
46.0	1.612
47.0	1.649
48.0	1.975
49.0	1.853
50.0	1.882
51.0	1.689
52.0	1.356
53.0	1.224
54.0	1.256
55.0	1.487
56.0	1.463
57.0	1.736
58.0	1.672
59.0	1.547
60.0	7.353
61.0	7.534
62.0	7.73
63.0	4.295
64.0	7.038
65.0	7.257
66.0	6.47
67.0	6.364
68.0	6.781
69.0	5.135
70.0	7.082
71.0	8.142
72.0	5.602
73.0	5.349
74.0	9.343
75.0	5.646
76.0	7.103
77.0	9.323
78.0	8.513
79.0	5.998
80.0	4.144
81.0	5.957
82.0	6.864
83.0	8.813
84.0	9.298
85.0	9.043
86.0	7.287
87.0	5.866
88.0	8.116
89.0	6.58
90.0	0.371
91.0	1.114
92.0	1.174
93.0	1.105
94.0	1.172
95.0	1.198
96.0	0.712
97.0	0.136
98.0	0.513
99.0	0.359
100.0	17.035
101.0	19.457
102.0	18.969
103.0	15.507
104.0	14.973
105.0	16.87
106.0	15.627
107.0	12.611
108.0	11.545
109.0	15.601
110.0	0.01
111.0	0.01
112.0	0.01
113.0	0.01
114.0	0.01
115.0	0.01
116.0	0.01
117.0	0.01
118.0	0.01
119.0	0.01
120.0	0.01
121.0	0.01
122.0	0.01
123.0	0.01
124.0	0.01
125.0	0.01
126.0	0.01
127.0	0.01
128.0	0.01
129.0	0.01
130.0	1.47
131.0	1.782
132.0	1.358
133.0	1.512
134.0	1.96
135.0	1.977
136.0	1.396
137.0	1.203
138.0	1.552
139.0	1.798
140.0	19.677
141.0	14.259
142.0	16.685
143.0	14.94
144.0	14.745
145.0	15.671
146.0	18.028
147.0	17.179
148.0	16.014
149.0	11.41
150.0	9.122
151.0	6.434
152.0	4.363
153.0	4.804
154.0	8.819
155.0	5.943
156.0	5.359
157.0	4.256
158.0	4.524
159.0	7.323
160.0	1.06
161.0	0.763
162.0	0.854
163.0	0.791
164.0	1.07
165.0	0.162
166.0	1.02
167.0	0.936
168.0	1.101
169.0	1.014
170.0	2.922
171.0	2.947
172.0	2.709
173.0	2.737
174.0	3.417
175.0	2.221
176.0	2.852
177.0	3.125
178.0	3.956
179.0	2.766
180.0	1.145
181.0	0.364
182.0	0.192
183.0	0.153
184.0	0.578
185.0	0.062
186.0	0.594
187.0	0.424
188.0	0.421
189.0	0.205

