0.0	18.832
1.0	17.75
2.0	14.421
3.0	11.8
4.0	18.051
5.0	15.212
6.0	10.425
7.0	16.537
8.0	11.711
9.0	19.167
10.0	12.015
11.0	11.944
12.0	10.248
13.0	12.5
14.0	15.685
15.0	17.539
16.0	10.764
17.0	13.667
18.0	15.485
19.0	11.755
20.0	0.01
21.0	0.01
22.0	0.01
23.0	0.01
24.0	0.01
25.0	0.01
26.0	0.01
27.0	0.01
28.0	0.01
29.0	0.01
30.0	17.084
31.0	14.976
32.0	13.586
33.0	12.111
34.0	18.1
35.0	10.19
36.0	10.637
37.0	17.848
38.0	13.815
39.0	14.864
40.0	3.943
41.0	2.919
42.0	2.793
43.0	2.086
44.0	2.06
45.0	3.089
46.0	3.566
47.0	2.351
48.0	3.281
49.0	3.392
50.0	6.88
51.0	9.713
52.0	9.183
53.0	9.806
54.0	6.148
55.0	6.299
56.0	6.539
57.0	4.516
58.0	6.147
59.0	7.94
60.0	1.636
61.0	1.552
62.0	1.403
63.0	1.822
64.0	1.516
65.0	1.254
66.0	1.98
67.0	1.471
68.0	1.768
69.0	1.807
70.0	15.483
71.0	14.664
72.0	12.497
73.0	18.816
74.0	15.71
75.0	17.694
76.0	12.533
77.0	15.009
78.0	13.063
79.0	17.083
80.0	3.36
81.0	3.524
82.0	3.914
83.0	2.66
84.0	3.356
85.0	2.348
86.0	2.834
87.0	3.082
88.0	2.707
89.0	3.74
90.0	1.133
91.0	0.262
92.0	0.704
93.0	0.279
94.0	0.908
95.0	0.032
96.0	0.184
97.0	0.4
98.0	0.317
99.0	0.666
100.0	0.01
101.0	0.01
102.0	0.01
103.0	0.01
104.0	0.01
105.0	0.01
106.0	0.01
107.0	0.01
108.0	0.01
109.0	0.01
110.0	9.497
111.0	4.887
112.0	9.145
113.0	5.889
114.0	5.687
115.0	4.54
116.0	6.84
117.0	6.57
118.0	8.523
119.0	7.623
120.0	2.539
121.0	2.494
122.0	3.363
123.0	2.087
124.0	3.995
125.0	3.23
126.0	3.369
127.0	2.774
128.0	2.49
129.0	2.563
130.0	6.464
131.0	5.123
132.0	8.262
133.0	8.761
134.0	6.296
135.0	8.626
136.0	8.093
137.0	4.907
138.0	8.832
139.0	7.057
140.0	10.281
141.0	13.539
142.0	16.581
143.0	16.016
144.0	16.579
145.0	13.466
146.0	16.327
147.0	18.244
148.0	10.932
149.0	12.733
150.0	3.409
151.0	2.491
152.0	2.415
153.0	3.975
154.0	3.164
155.0	3.165
156.0	2.992
157.0	3.066
158.0	2.454
159.0	2.823
160.0	2.796
161.0	3.472
162.0	2.478
163.0	2.044
164.0	3.512
165.0	2.256
166.0	3.078
167.0	3.337
168.0	3.026
169.0	3.307
170.0	4.426
171.0	4.557
172.0	4.521
173.0	4.566
174.0	6.344
175.0	4.641
176.0	5.475
177.0	9.563
178.0	6.973
179.0	5.059
180.0	9.953
181.0	4.794
182.0	4.698
183.0	5.7
184.0	6.493
185.0	9.572
186.0	4.369
187.0	9.15
188.0	8.25
189.0	6.492

