0.0	3.616
1.0	2.32
2.0	2.481
3.0	2.471
4.0	2.331
5.0	2.46
6.0	3.8
7.0	2.279
8.0	2.831
9.0	3.916
10.0	0.513
11.0	0.492
12.0	0.884
13.0	0.456
14.0	0.224
15.0	0.943
16.0	0.081
17.0	0.567
18.0	0.137
19.0	1.032
20.0	7.85
21.0	6.683
22.0	8.157
23.0	4.507
24.0	8.91
25.0	7.17
26.0	6.633
27.0	9.599
28.0	9.426
29.0	4.428
30.0	17.342
31.0	17.182
32.0	16.726
33.0	16.045
34.0	15.636
35.0	17.248
36.0	19.022
37.0	13.292
38.0	10.485
39.0	13.296
40.0	1.158
41.0	0.645
42.0	1.028
43.0	0.629
44.0	0.767
45.0	0.956
46.0	0.122
47.0	0.949
48.0	0.049
49.0	0.956
50.0	0.085
51.0	0.153
52.0	0.367
53.0	0.225
54.0	0.308
55.0	0.684
56.0	1.101
57.0	0.791
58.0	0.116
59.0	1.16
60.0	1.657
61.0	1.695
62.0	1.27
63.0	1.94
64.0	1.893
65.0	1.933
66.0	1.826
67.0	1.458
68.0	1.287
69.0	1.603
70.0	0.01
71.0	0.01
72.0	0.01
73.0	0.01
74.0	0.01
75.0	0.01
76.0	0.01
77.0	0.01
78.0	0.01
79.0	0.01
80.0	3.319
81.0	2.337
82.0	2.019
83.0	2.127
84.0	3.322
85.0	2.028
86.0	2.975
87.0	3.92
88.0	2.346
89.0	3.651
90.0	0.265
91.0	1.106
92.0	0.972
93.0	0.04
94.0	0.347
95.0	0.383
96.0	0.658
97.0	0.052
98.0	0.837
99.0	0.92
100.0	0.01
101.0	0.01
102.0	0.01
103.0	0.01
104.0	0.01
105.0	0.01
106.0	0.01
107.0	0.01
108.0	0.01
109.0	0.01
110.0	2.231
111.0	3.793
112.0	3.959
113.0	2.272
114.0	3.759
115.0	3.365
116.0	3.515
117.0	3.138
118.0	2.456
119.0	3.668
120.0	1.797
121.0	1.986
122.0	1.996
123.0	1.897
124.0	1.907
125.0	1.63
126.0	1.479
127.0	1.937
128.0	1.202
129.0	1.844
130.0	1.063
131.0	0.85
132.0	1.124
133.0	0.178
134.0	0.39
135.0	1.113
136.0	0.847
137.0	0.952
138.0	0.683
139.0	1.111
140.0	0.01
141.0	0.01
142.0	0.01
143.0	0.01
144.0	0.01
145.0	0.01
146.0	0.01
147.0	0.01
148.0	0.01
149.0	0.01
150.0	0.01
151.0	0.01
152.0	0.01
153.0	0.01
154.0	0.01
155.0	0.01
156.0	0.01
157.0	0.01
158.0	0.01
159.0	0.01
160.0	3.835
161.0	3.491
162.0	2.148
163.0	3.292
164.0	3.664
165.0	3.268
166.0	2.639
167.0	3.244
168.0	2.607
169.0	3.964
170.0	1.057
171.0	0.251
172.0	0.8
173.0	0.937
174.0	0.295
175.0	0.093
176.0	0.565
177.0	1.071
178.0	0.368
179.0	0.916
180.0	2.258
181.0	2.237
182.0	2.46
183.0	2.641
184.0	3.433
185.0	3.675
186.0	2.097
187.0	3.172
188.0	2.399
189.0	2.381

