0.0	17.321
1.0	16.411
2.0	12.002
3.0	19.973
4.0	12.576
5.0	10.108
6.0	19.262
7.0	15.996
8.0	19.279
9.0	19.85
10.0	5.361
11.0	9.93
12.0	7.718
13.0	5.156
14.0	7.325
15.0	5.462
16.0	5.431
17.0	6.636
18.0	4.215
19.0	8.189
20.0	14.424
21.0	12.913
22.0	14.653
23.0	19.601
24.0	19.614
25.0	18.781
26.0	17.231
27.0	18.637
28.0	19.395
29.0	16.427
30.0	1.587
31.0	1.613
32.0	1.609
33.0	1.338
34.0	1.617
35.0	1.346
36.0	1.96
37.0	1.949
38.0	1.54
39.0	1.755
40.0	1.274
41.0	1.874
42.0	1.289
43.0	1.664
44.0	1.921
45.0	1.974
46.0	1.447
47.0	1.593
48.0	1.304
49.0	1.34
50.0	0.01
51.0	0.01
52.0	0.01
53.0	0.01
54.0	0.01
55.0	0.01
56.0	0.01
57.0	0.01
58.0	0.01
59.0	0.01
60.0	0.057
61.0	0.988
62.0	0.189
63.0	1.199
64.0	0.366
65.0	0.575
66.0	0.36
67.0	0.697
68.0	0.463
69.0	0.671
70.0	3.538
71.0	3.061
72.0	2.596
73.0	3.443
74.0	2.539
75.0	3.322
76.0	2.267
77.0	2.027
78.0	3.901
79.0	3.356
80.0	1.394
81.0	1.729
82.0	1.997
83.0	1.865
84.0	1.648
85.0	1.549
86.0	1.688
87.0	1.435
88.0	1.493
89.0	1.323
90.0	0.01
91.0	0.01
92.0	0.01
93.0	0.01
94.0	0.01
95.0	0.01
96.0	0.01
97.0	0.01
98.0	0.01
99.0	0.01
100.0	0.511
101.0	0.558
102.0	0.476
103.0	0.49
104.0	1.159
105.0	0.822
106.0	1.003
107.0	0.332
108.0	0.105
109.0	1.159
110.0	0.952
111.0	0.996
112.0	0.703
113.0	0.813
114.0	0.439
115.0	0.454
116.0	0.75
117.0	0.345
118.0	0.198
119.0	0.659
120.0	1.744
121.0	1.435
122.0	1.775
123.0	1.336
124.0	1.534
125.0	1.327
126.0	1.689
127.0	1.635
128.0	1.418
129.0	1.747
130.0	0.01
131.0	0.01
132.0	0.01
133.0	0.01
134.0	0.01
135.0	0.01
136.0	0.01
137.0	0.01
138.0	0.01
139.0	0.01
140.0	1.78
141.0	1.339
142.0	1.68
143.0	1.895
144.0	1.597
145.0	1.628
146.0	1.558
147.0	1.463
148.0	1.517
149.0	1.218
150.0	0.669
151.0	0.942
152.0	0.058
153.0	1.016
154.0	0.869
155.0	0.858
156.0	1.18
157.0	0.708
158.0	0.579
159.0	0.775
160.0	4.604
161.0	4.674
162.0	7.043
163.0	9.603
164.0	5.067
165.0	7.531
166.0	5.039
167.0	6.836
168.0	9.98
169.0	7.745
170.0	7.185
171.0	7.648
172.0	7.89
173.0	5.473
174.0	8.8
175.0	7.035
176.0	4.585
177.0	5.755
178.0	5.844
179.0	8.736
180.0	0.722
181.0	0.71
182.0	0.612
183.0	0.141
184.0	0.706
185.0	0.106
186.0	0.006
187.0	0.327
188.0	0.835
189.0	0.422

