0.0	10.207
1.0	18.244
2.0	13.326
3.0	15.144
4.0	14.215
5.0	17.34
6.0	10.529
7.0	19.784
8.0	11.363
9.0	13.136
10.0	6.606
11.0	9.922
12.0	9.838
13.0	8.205
14.0	5.2
15.0	9.169
16.0	7.079
17.0	4.223
18.0	4.307
19.0	8.194
20.0	5.689
21.0	6.114
22.0	5.377
23.0	6.606
24.0	6.263
25.0	5.902
26.0	6.153
27.0	9.979
28.0	5.147
29.0	7.807
30.0	3.914
31.0	3.51
32.0	2.914
33.0	3.928
34.0	2.721
35.0	3.977
36.0	2.586
37.0	2.925
38.0	2.948
39.0	2.32
40.0	0.01
41.0	0.01
42.0	0.01
43.0	0.01
44.0	0.01
45.0	0.01
46.0	0.01
47.0	0.01
48.0	0.01
49.0	0.01
50.0	0.354
51.0	0.145
52.0	0.826
53.0	0.462
54.0	0.332
55.0	0.788
56.0	0.83
57.0	0.565
58.0	0.615
59.0	0.853
60.0	18.647
61.0	11.054
62.0	10.659
63.0	16.264
64.0	16.986
65.0	12.203
66.0	19.744
67.0	15.471
68.0	12.44
69.0	17.877
70.0	1.009
71.0	0.544
72.0	1.076
73.0	0.958
74.0	0.692
75.0	1.049
76.0	0.316
77.0	0.839
78.0	0.272
79.0	0.538
80.0	9.472
81.0	9.569
82.0	5.693
83.0	7.095
84.0	7.696
85.0	9.93
86.0	9.22
87.0	8.571
88.0	6.516
89.0	7.924
90.0	3.391
91.0	3.617
92.0	2.326
93.0	2.435
94.0	2.215
95.0	2.092
96.0	3.549
97.0	2.701
98.0	3.664
99.0	3.449
100.0	7.325
101.0	8.871
102.0	7.859
103.0	7.676
104.0	8.404
105.0	4.815
106.0	9.253
107.0	5.814
108.0	4.44
109.0	7.183
110.0	1.671
111.0	1.466
112.0	1.605
113.0	1.511
114.0	1.22
115.0	1.947
116.0	1.367
117.0	1.458
118.0	1.359
119.0	1.428
120.0	1.797
121.0	1.467
122.0	1.874
123.0	1.694
124.0	1.721
125.0	1.567
126.0	1.43
127.0	1.417
128.0	1.908
129.0	1.934
130.0	2.036
131.0	3.771
132.0	2.803
133.0	3.309
134.0	2.829
135.0	3.448
136.0	3.264
137.0	3.395
138.0	2.752
139.0	2.926
140.0	3.78
141.0	2.83
142.0	2.687
143.0	2.63
144.0	2.373
145.0	3.331
146.0	3.34
147.0	3.559
148.0	3.405
149.0	2.094
150.0	9.832
151.0	5.375
152.0	6.376
153.0	6.727
154.0	7.347
155.0	9.441
156.0	7.321
157.0	4.926
158.0	4.068
159.0	5.208
160.0	10.769
161.0	12.637
162.0	13.65
163.0	15.391
164.0	12.23
165.0	16.068
166.0	12.121
167.0	18.22
168.0	15.143
169.0	19.173
170.0	0.425
171.0	0.191
172.0	0.623
173.0	0.962
174.0	0.237
175.0	0.277
176.0	0.215
177.0	0.762
178.0	0.866
179.0	0.87
180.0	19.013
181.0	14.646
182.0	15.417
183.0	10.549
184.0	14.925
185.0	16.774
186.0	15.406
187.0	16.146
188.0	13.975
189.0	13.216

