0.0	16.058
1.0	14.265
2.0	12.058
3.0	15.494
4.0	10.249
5.0	14.175
6.0	11.064
7.0	12.346
8.0	12.234
9.0	14.74
10.0	0.01
11.0	0.01
12.0	0.01
13.0	0.01
14.0	0.01
15.0	0.01
16.0	0.01
17.0	0.01
18.0	0.01
19.0	0.01
20.0	3.483
21.0	2.402
22.0	2.198
23.0	2.78
24.0	3.894
25.0	3.578
26.0	2.24
27.0	3.309
28.0	2.097
29.0	3.574
30.0	0.29
31.0	0.397
32.0	0.854
33.0	0.206
34.0	0.068
35.0	0.569
36.0	0.405
37.0	0.695
38.0	1.168
39.0	0.4
40.0	0.324
41.0	0.901
42.0	0.276
43.0	0.313
44.0	0.103
45.0	0.054
46.0	0.185
47.0	0.216
48.0	0.719
49.0	0.361
50.0	3.3
51.0	2.012
52.0	2.069
53.0	2.527
54.0	3.018
55.0	2.988
56.0	3.526
57.0	3.048
58.0	3.591
59.0	2.474
60.0	1.859
61.0	1.675
62.0	1.667
63.0	1.729
64.0	1.652
65.0	1.328
66.0	1.729
67.0	1.852
68.0	1.329
69.0	1.939
70.0	7.803
71.0	9.392
72.0	8.022
73.0	8.957
74.0	4.664
75.0	6.594
76.0	8.05
77.0	5.561
78.0	5.579
79.0	6.386
80.0	0.216
81.0	1.138
82.0	0.845
83.0	1.171
84.0	1.057
85.0	1.131
86.0	1.017
87.0	1.068
88.0	0.041
89.0	0.351
90.0	10.781
91.0	16.074
92.0	12.176
93.0	18.415
94.0	14.389
95.0	15.857
96.0	18.8
97.0	10.645
98.0	12.473
99.0	19.762
100.0	1.262
101.0	1.534
102.0	1.609
103.0	1.625
104.0	1.517
105.0	1.508
106.0	1.825
107.0	1.794
108.0	1.502
109.0	1.833
110.0	0.01
111.0	0.01
112.0	0.01
113.0	0.01
114.0	0.01
115.0	0.01
116.0	0.01
117.0	0.01
118.0	0.01
119.0	0.01
120.0	13.386
121.0	14.46
122.0	10.753
123.0	17.278
124.0	14.492
125.0	11.416
126.0	15.046
127.0	13.261
128.0	16.308
129.0	17.761
130.0	0.479
131.0	0.753
132.0	0.535
133.0	0.898
134.0	0.724
135.0	1.08
136.0	0.499
137.0	0.39
138.0	0.094
139.0	0.805
140.0	3.035
141.0	2.125
142.0	3.895
143.0	2.047
144.0	2.18
145.0	2.13
146.0	3.918
147.0	2.253
148.0	3.148
149.0	3.275
150.0	8.558
151.0	8.282
152.0	4.84
153.0	5.968
154.0	9.66
155.0	6.509
156.0	6.583
157.0	6.254
158.0	9.124
159.0	8.953
160.0	0.01
161.0	0.01
162.0	0.01
163.0	0.01
164.0	0.01
165.0	0.01
166.0	0.01
167.0	0.01
168.0	0.01
169.0	0.01
170.0	0.233
171.0	1.178
172.0	0.353
173.0	0.106
174.0	0.097
175.0	1.107
176.0	0.774
177.0	0.868
178.0	0.478
179.0	0.983
180.0	0.01
181.0	0.01
182.0	0.01
183.0	0.01
184.0	0.01
185.0	0.01
186.0	0.01
187.0	0.01
188.0	0.01
189.0	0.01

