0.0	1.811
1.0	1.5
2.0	1.268
3.0	1.624
4.0	1.639
5.0	1.811
6.0	1.697
7.0	1.209
8.0	1.954
9.0	1.347
10.0	7.154
11.0	9.773
12.0	7.071
13.0	7.89
14.0	4.939
15.0	8.051
16.0	7.627
17.0	8.831
18.0	9.377
19.0	7.082
20.0	2.454
21.0	2.421
22.0	3.623
23.0	3.326
24.0	3.101
25.0	2.824
26.0	3.046
27.0	3.088
28.0	3.704
29.0	2.214
30.0	2.698
31.0	2.503
32.0	3.763
33.0	3.083
34.0	3.777
35.0	3.647
36.0	3.812
37.0	3.757
38.0	3.801
39.0	3.444
40.0	0.01
41.0	0.01
42.0	0.01
43.0	0.01
44.0	0.01
45.0	0.01
46.0	0.01
47.0	0.01
48.0	0.01
49.0	0.01
50.0	13.478
51.0	14.3
52.0	18.488
53.0	10.711
54.0	12.04
55.0	12.359
56.0	11.942
57.0	11.2
58.0	19.973
59.0	16.357
60.0	0.8
61.0	1.142
62.0	0.951
63.0	1.065
64.0	0.83
65.0	0.629
66.0	0.95
67.0	0.223
68.0	0.065
69.0	0.615
70.0	18.586
71.0	19.778
72.0	19.665
73.0	12.041
74.0	10.025
75.0	15.654
76.0	13.329
77.0	12.868
78.0	10.891
79.0	13.958
80.0	1.129
81.0	0.356
82.0	1.096
83.0	0.348
84.0	0.379
85.0	0.76
86.0	0.978
87.0	0.774
88.0	0.853
89.0	0.827
90.0	0.251
91.0	0.983
92.0	0.507
93.0	0.332
94.0	0.825
95.0	0.741
96.0	0.976
97.0	0.541
98.0	1.08
99.0	1.016
100.0	14.948
101.0	14.802
102.0	14.179
103.0	12.615
104.0	12.465
105.0	17.419
106.0	15.947
107.0	14.059
108.0	10.559
109.0	18.283
110.0	3.384
111.0	2.966
112.0	3.552
113.0	2.574
114.0	2.545
115.0	3.235
116.0	3.197
117.0	3.666
118.0	2.506
119.0	2.974
120.0	0.01
121.0	0.01
122.0	0.01
123.0	0.01
124.0	0.01
125.0	0.01
126.0	0.01
127.0	0.01
128.0	0.01
129.0	0.01
130.0	14.247
131.0	10.125
132.0	17.74
133.0	19.045
134.0	14.206
135.0	17.165
136.0	10.598
137.0	14.098
138.0	14.641
139.0	12.887
140.0	0.01
141.0	0.01
142.0	0.01
143.0	0.01
144.0	0.01
145.0	0.01
146.0	0.01
147.0	0.01
148.0	0.01
149.0	0.01
150.0	0.923
151.0	0.09
152.0	0.791
153.0	0.877
154.0	0.135
155.0	0.72
156.0	0.791
157.0	0.746
158.0	0.39
159.0	0.829
160.0	0.01
161.0	0.01
162.0	0.01
163.0	0.01
164.0	0.01
165.0	0.01
166.0	0.01
167.0	0.01
168.0	0.01
169.0	0.01
170.0	0.161
171.0	1.037
172.0	1.167
173.0	0.187
174.0	0.984
175.0	0.531
176.0	0.05
177.0	1.103
178.0	0.429
179.0	0.978
180.0	16.184
181.0	17.724
182.0	17.616
183.0	11.027
184.0	13.321
185.0	17.592
186.0	19.248
187.0	11.407
188.0	13.878
189.0	18.128

