0.0	1.973
1.0	1.496
2.0	1.876
3.0	1.81
4.0	1.873
5.0	1.874
6.0	1.671
7.0	1.251
8.0	1.745
9.0	1.616
10.0	0.853
11.0	0.582
12.0	0.004
13.0	0.608
14.0	0.212
15.0	0.513
16.0	0.543
17.0	1.052
18.0	0.058
19.0	1.065
20.0	0.362
21.0	1.09
22.0	0.61
23.0	0.005
24.0	1.117
25.0	1.19
26.0	0.273
27.0	0.443
28.0	0.898
29.0	0.293
30.0	0.01
31.0	0.01
32.0	0.01
33.0	0.01
34.0	0.01
35.0	0.01
36.0	0.01
37.0	0.01
38.0	0.01
39.0	0.01
40.0	0.641
41.0	1.082
42.0	0.756
43.0	0.399
44.0	0.771
45.0	0.653
46.0	0.574
47.0	0.222
48.0	0.881
49.0	0.33
50.0	7.454
51.0	6.699
52.0	8.993
53.0	4.889
54.0	7.748
55.0	7.762
56.0	9.405
57.0	5.383
58.0	5.142
59.0	6.148
60.0	0.01
61.0	0.01
62.0	0.01
63.0	0.01
64.0	0.01
65.0	0.01
66.0	0.01
67.0	0.01
68.0	0.01
69.0	0.01
70.0	17.679
71.0	19.555
72.0	18.833
73.0	15.652
74.0	14.792
75.0	19.572
76.0	17.321
77.0	11.875
78.0	14.932
79.0	11.471
80.0	0.01
81.0	0.01
82.0	0.01
83.0	0.01
84.0	0.01
85.0	0.01
86.0	0.01
87.0	0.01
88.0	0.01
89.0	0.01
90.0	15.629
91.0	10.755
92.0	17.538
93.0	16.449
94.0	17.017
95.0	14.03
96.0	10.015
97.0	10.011
98.0	19.992
99.0	15.5
100.0	19.088
101.0	19.616
102.0	15.965
103.0	14.019
104.0	19.539
105.0	14.28
106.0	18.396
107.0	10.939
108.0	11.614
109.0	15.08
110.0	1.71
111.0	1.583
112.0	1.502
113.0	1.44
114.0	1.474
115.0	1.839
116.0	1.309
117.0	1.343
118.0	1.463
119.0	1.548
120.0	8.31
121.0	7.988
122.0	9.891
123.0	8.366
124.0	6.493
125.0	5.398
126.0	5.033
127.0	8.271
128.0	9.348
129.0	7.334
130.0	11.741
131.0	11.611
132.0	17.196
133.0	18.985
134.0	11.792
135.0	14.283
136.0	15.888
137.0	12.947
138.0	18.1
139.0	13.303
140.0	15.49
141.0	10.287
142.0	12.813
143.0	11.796
144.0	12.288
145.0	18.86
146.0	18.247
147.0	19.114
148.0	14.71
149.0	13.906
150.0	0.01
151.0	0.01
152.0	0.01
153.0	0.01
154.0	0.01
155.0	0.01
156.0	0.01
157.0	0.01
158.0	0.01
159.0	0.01
160.0	1.576
161.0	1.3
162.0	1.307
163.0	1.605
164.0	1.301
165.0	1.332
166.0	1.975
167.0	1.748
168.0	1.476
169.0	1.703
170.0	0.935
171.0	0.635
172.0	0.794
173.0	0.915
174.0	0.611
175.0	1.06
176.0	0.829
177.0	0.424
178.0	0.968
179.0	0.221
180.0	4.231
181.0	7.368
182.0	5.743
183.0	5.062
184.0	9.057
185.0	7.525
186.0	8.495
187.0	9.867
188.0	9.775
189.0	8.88

