0.0	8.059
1.0	5.245
2.0	8.477
3.0	4.808
4.0	6.925
5.0	6.797
6.0	9.59
7.0	8.07
8.0	6.014
9.0	5.085
10.0	5.095
11.0	6.668
12.0	8.773
13.0	9.064
14.0	4.433
15.0	6.661
16.0	7.653
17.0	9.976
18.0	7.495
19.0	8.196
20.0	8.602
21.0	8.29
22.0	7.917
23.0	5.029
24.0	5.328
25.0	4.36
26.0	5.381
27.0	7.401
28.0	9.807
29.0	8.89
30.0	11.56
31.0	19.771
32.0	13.697
33.0	14.753
34.0	16.055
35.0	19.534
36.0	18.349
37.0	13.605
38.0	17.591
39.0	12.579
40.0	0.548
41.0	1.199
42.0	1.188
43.0	0.222
44.0	0.99
45.0	1.003
46.0	0.172
47.0	0.409
48.0	1.166
49.0	0.733
50.0	2.381
51.0	3.996
52.0	2.536
53.0	3.135
54.0	3.416
55.0	2.719
56.0	3.756
57.0	3.603
58.0	2.403
59.0	2.663
60.0	3.351
61.0	2.807
62.0	3.055
63.0	3.471
64.0	2.182
65.0	3.722
66.0	2.141
67.0	2.707
68.0	2.494
69.0	4.0
70.0	1.647
71.0	1.862
72.0	1.587
73.0	1.648
74.0	1.411
75.0	1.408
76.0	1.934
77.0	1.619
78.0	1.988
79.0	1.813
80.0	2.21
81.0	3.907
82.0	3.776
83.0	2.168
84.0	2.83
85.0	2.155
86.0	3.448
87.0	3.726
88.0	2.059
89.0	2.59
90.0	0.01
91.0	0.01
92.0	0.01
93.0	0.01
94.0	0.01
95.0	0.01
96.0	0.01
97.0	0.01
98.0	0.01
99.0	0.01
100.0	0.01
101.0	0.01
102.0	0.01
103.0	0.01
104.0	0.01
105.0	0.01
106.0	0.01
107.0	0.01
108.0	0.01
109.0	0.01
110.0	2.686
111.0	2.244
112.0	2.966
113.0	2.23
114.0	3.645
115.0	2.189
116.0	2.52
117.0	2.995
118.0	3.827
119.0	3.752
120.0	13.317
121.0	14.518
122.0	13.241
123.0	19.515
124.0	12.458
125.0	14.227
126.0	18.308
127.0	10.664
128.0	18.076
129.0	11.876
130.0	11.863
131.0	18.017
132.0	18.178
133.0	16.833
134.0	11.042
135.0	15.032
136.0	18.227
137.0	14.148
138.0	17.521
139.0	16.318
140.0	0.01
141.0	0.01
142.0	0.01
143.0	0.01
144.0	0.01
145.0	0.01
146.0	0.01
147.0	0.01
148.0	0.01
149.0	0.01
150.0	1.874
151.0	1.292
152.0	1.473
153.0	1.639
154.0	1.372
155.0	1.239
156.0	1.751
157.0	1.752
158.0	1.509
159.0	1.582
160.0	14.055
161.0	17.354
162.0	13.926
163.0	18.713
164.0	15.278
165.0	14.627
166.0	10.635
167.0	13.658
168.0	12.163
169.0	18.384
170.0	2.365
171.0	2.697
172.0	2.195
173.0	3.077
174.0	2.4
175.0	3.971
176.0	3.371
177.0	3.923
178.0	3.458
179.0	2.218
180.0	0.275
181.0	0.499
182.0	0.973
183.0	0.921
184.0	0.314
185.0	0.855
186.0	0.892
187.0	1.092
188.0	0.135
189.0	1.101

