0.0	1.636
1.0	1.269
2.0	1.273
3.0	1.702
4.0	1.95
5.0	1.825
6.0	1.879
7.0	1.298
8.0	1.865
9.0	1.873
10.0	9.06
11.0	7.632
12.0	4.713
13.0	6.213
14.0	4.495
15.0	4.235
16.0	7.188
17.0	9.958
18.0	7.216
19.0	6.325
20.0	4.479
21.0	5.38
22.0	6.728
23.0	7.064
24.0	4.267
25.0	4.099
26.0	7.88
27.0	5.867
28.0	8.311
29.0	8.472
30.0	3.128
31.0	2.299
32.0	2.45
33.0	3.595
34.0	2.761
35.0	2.156
36.0	2.628
37.0	3.495
38.0	2.662
39.0	2.537
40.0	9.94
41.0	9.506
42.0	4.712
43.0	6.064
44.0	7.542
45.0	5.118
46.0	5.269
47.0	5.962
48.0	6.482
49.0	4.21
50.0	0.246
51.0	0.92
52.0	0.653
53.0	0.652
54.0	0.884
55.0	0.914
56.0	0.457
57.0	1.123
58.0	0.625
59.0	0.156
60.0	0.01
61.0	0.01
62.0	0.01
63.0	0.01
64.0	0.01
65.0	0.01
66.0	0.01
67.0	0.01
68.0	0.01
69.0	0.01
70.0	0.01
71.0	0.01
72.0	0.01
73.0	0.01
74.0	0.01
75.0	0.01
76.0	0.01
77.0	0.01
78.0	0.01
79.0	0.01
80.0	0.034
81.0	0.205
82.0	0.834
83.0	1.04
84.0	1.077
85.0	1.196
86.0	0.598
87.0	0.51
88.0	0.563
89.0	1.1
90.0	0.01
91.0	0.01
92.0	0.01
93.0	0.01
94.0	0.01
95.0	0.01
96.0	0.01
97.0	0.01
98.0	0.01
99.0	0.01
100.0	7.753
101.0	5.84
102.0	7.739
103.0	4.285
104.0	7.989
105.0	6.054
106.0	8.404
107.0	7.922
108.0	6.411
109.0	4.412
110.0	3.668
111.0	3.377
112.0	3.296
113.0	3.237
114.0	2.418
115.0	3.718
116.0	3.154
117.0	3.161
118.0	2.675
119.0	3.791
120.0	0.01
121.0	0.01
122.0	0.01
123.0	0.01
124.0	0.01
125.0	0.01
126.0	0.01
127.0	0.01
128.0	0.01
129.0	0.01
130.0	0.316
131.0	1.057
132.0	0.666
133.0	0.399
134.0	0.117
135.0	0.678
136.0	0.432
137.0	0.382
138.0	0.724
139.0	0.276
140.0	0.01
141.0	0.01
142.0	0.01
143.0	0.01
144.0	0.01
145.0	0.01
146.0	0.01
147.0	0.01
148.0	0.01
149.0	0.01
150.0	1.5
151.0	1.547
152.0	1.66
153.0	1.782
154.0	1.229
155.0	1.495
156.0	1.665
157.0	1.62
158.0	1.314
159.0	1.683
160.0	0.15
161.0	0.398
162.0	0.024
163.0	0.047
164.0	0.999
165.0	1.027
166.0	0.778
167.0	0.322
168.0	1.145
169.0	0.99
170.0	3.056
171.0	2.416
172.0	2.998
173.0	2.305
174.0	2.644
175.0	3.417
176.0	3.066
177.0	2.292
178.0	2.614
179.0	2.295
180.0	0.01
181.0	0.01
182.0	0.01
183.0	0.01
184.0	0.01
185.0	0.01
186.0	0.01
187.0	0.01
188.0	0.01
189.0	0.01

