0.0	0.464
1.0	0.775
2.0	0.807
3.0	0.309
4.0	0.437
5.0	0.823
6.0	0.885
7.0	0.374
8.0	0.375
9.0	0.152
10.0	3.093
11.0	2.477
12.0	2.449
13.0	3.129
14.0	2.118
15.0	4.0
16.0	3.514
17.0	2.288
18.0	2.841
19.0	2.373
20.0	11.695
21.0	17.889
22.0	15.871
23.0	18.214
24.0	11.24
25.0	12.361
26.0	10.607
27.0	10.819
28.0	15.73
29.0	17.771
30.0	5.601
31.0	8.027
32.0	4.467
33.0	7.888
34.0	9.298
35.0	7.424
36.0	7.684
37.0	4.252
38.0	8.573
39.0	5.015
40.0	5.515
41.0	7.969
42.0	6.127
43.0	9.209
44.0	9.547
45.0	9.273
46.0	8.278
47.0	5.147
48.0	6.934
49.0	4.367
50.0	1.466
51.0	1.918
52.0	1.729
53.0	1.252
54.0	1.488
55.0	1.831
56.0	1.816
57.0	1.49
58.0	1.237
59.0	1.914
60.0	18.782
61.0	19.639
62.0	11.46
63.0	19.199
64.0	10.691
65.0	17.986
66.0	16.961
67.0	16.838
68.0	14.032
69.0	16.828
70.0	1.302
71.0	1.883
72.0	1.949
73.0	1.288
74.0	1.874
75.0	1.253
76.0	1.328
77.0	1.246
78.0	1.632
79.0	1.66
80.0	11.457
81.0	12.606
82.0	17.588
83.0	19.22
84.0	15.073
85.0	14.056
86.0	12.895
87.0	12.667
88.0	11.753
89.0	13.56
90.0	0.01
91.0	0.01
92.0	0.01
93.0	0.01
94.0	0.01
95.0	0.01
96.0	0.01
97.0	0.01
98.0	0.01
99.0	0.01
100.0	1.844
101.0	1.779
102.0	1.658
103.0	1.641
104.0	1.276
105.0	1.71
106.0	1.648
107.0	1.761
108.0	1.884
109.0	1.475
110.0	16.983
111.0	19.595
112.0	17.116
113.0	11.955
114.0	13.803
115.0	17.95
116.0	12.868
117.0	15.23
118.0	11.033
119.0	12.858
120.0	0.01
121.0	0.01
122.0	0.01
123.0	0.01
124.0	0.01
125.0	0.01
126.0	0.01
127.0	0.01
128.0	0.01
129.0	0.01
130.0	7.051
131.0	8.72
132.0	7.235
133.0	8.231
134.0	5.113
135.0	7.37
136.0	7.859
137.0	6.204
138.0	4.776
139.0	4.287
140.0	0.377
141.0	0.784
142.0	0.488
143.0	0.403
144.0	0.274
145.0	0.366
146.0	0.138
147.0	0.559
148.0	0.828
149.0	0.444
150.0	4.896
151.0	6.394
152.0	8.232
153.0	7.589
154.0	4.294
155.0	7.833
156.0	4.934
157.0	9.638
158.0	8.19
159.0	8.87
160.0	14.302
161.0	15.536
162.0	10.425
163.0	10.047
164.0	14.77
165.0	15.626
166.0	19.613
167.0	16.004
168.0	16.616
169.0	16.428
170.0	0.01
171.0	0.01
172.0	0.01
173.0	0.01
174.0	0.01
175.0	0.01
176.0	0.01
177.0	0.01
178.0	0.01
179.0	0.01
180.0	0.01
181.0	0.01
182.0	0.01
183.0	0.01
184.0	0.01
185.0	0.01
186.0	0.01
187.0	0.01
188.0	0.01
189.0	0.01

