0.0	0.016
1.0	1.063
2.0	1.032
3.0	0.431
4.0	0.47
5.0	0.104
6.0	0.791
7.0	0.995
8.0	0.421
9.0	0.181
10.0	19.783
11.0	10.119
12.0	17.042
13.0	19.86
14.0	18.836
15.0	12.124
16.0	14.995
17.0	10.758
18.0	19.074
19.0	14.935
20.0	3.89
21.0	3.587
22.0	2.491
23.0	3.095
24.0	2.902
25.0	3.219
26.0	3.151
27.0	3.65
28.0	2.72
29.0	3.191
30.0	17.294
31.0	17.077
32.0	17.807
33.0	11.108
34.0	19.844
35.0	15.334
36.0	10.556
37.0	17.72
38.0	15.355
39.0	18.458
40.0	1.845
41.0	1.468
42.0	1.487
43.0	1.353
44.0	1.381
45.0	1.804
46.0	1.51
47.0	1.759
48.0	1.857
49.0	1.645
50.0	17.253
51.0	17.375
52.0	17.677
53.0	15.282
54.0	19.673
55.0	12.3
56.0	10.337
57.0	17.431
58.0	17.933
59.0	14.165
60.0	6.682
61.0	7.083
62.0	7.252
63.0	5.686
64.0	8.831
65.0	9.027
66.0	9.228
67.0	5.208
68.0	8.295
69.0	5.778
70.0	0.807
71.0	0.575
72.0	0.465
73.0	0.648
74.0	0.512
75.0	0.365
76.0	1.019
77.0	0.601
78.0	1.17
79.0	0.599
80.0	8.229
81.0	5.331
82.0	4.685
83.0	9.269
84.0	8.007
85.0	7.513
86.0	9.822
87.0	9.079
88.0	9.736
89.0	7.247
90.0	5.467
91.0	6.208
92.0	5.66
93.0	7.715
94.0	9.411
95.0	9.422
96.0	9.799
97.0	7.862
98.0	7.691
99.0	9.762
100.0	0.01
101.0	0.01
102.0	0.01
103.0	0.01
104.0	0.01
105.0	0.01
106.0	0.01
107.0	0.01
108.0	0.01
109.0	0.01
110.0	3.566
111.0	3.908
112.0	2.368
113.0	3.602
114.0	2.911
115.0	3.037
116.0	2.318
117.0	3.982
118.0	3.312
119.0	3.525
120.0	1.375
121.0	1.871
122.0	1.512
123.0	1.81
124.0	1.819
125.0	1.901
126.0	1.985
127.0	1.858
128.0	1.262
129.0	1.455
130.0	0.019
131.0	1.094
132.0	0.429
133.0	0.668
134.0	1.129
135.0	1.064
136.0	0.52
137.0	0.569
138.0	0.576
139.0	0.586
140.0	0.01
141.0	0.01
142.0	0.01
143.0	0.01
144.0	0.01
145.0	0.01
146.0	0.01
147.0	0.01
148.0	0.01
149.0	0.01
150.0	13.1
151.0	18.611
152.0	13.144
153.0	13.558
154.0	18.103
155.0	11.925
156.0	17.579
157.0	15.151
158.0	16.654
159.0	11.108
160.0	0.01
161.0	0.01
162.0	0.01
163.0	0.01
164.0	0.01
165.0	0.01
166.0	0.01
167.0	0.01
168.0	0.01
169.0	0.01
170.0	0.01
171.0	0.01
172.0	0.01
173.0	0.01
174.0	0.01
175.0	0.01
176.0	0.01
177.0	0.01
178.0	0.01
179.0	0.01
180.0	5.497
181.0	7.639
182.0	5.599
183.0	4.332
184.0	6.689
185.0	9.964
186.0	9.77
187.0	9.473
188.0	6.06
189.0	7.875

