0.0	12.899
1.0	17.215
2.0	11.213
3.0	18.462
4.0	11.669
5.0	13.418
6.0	17.823
7.0	15.163
8.0	10.573
9.0	16.757
10.0	1.386
11.0	1.732
12.0	1.397
13.0	1.511
14.0	1.581
15.0	1.685
16.0	1.608
17.0	1.458
18.0	1.355
19.0	1.941
20.0	9.655
21.0	8.723
22.0	8.733
23.0	7.43
24.0	5.547
25.0	4.085
26.0	8.143
27.0	9.59
28.0	7.688
29.0	7.348
30.0	7.173
31.0	7.809
32.0	8.55
33.0	5.232
34.0	9.178
35.0	7.076
36.0	5.608
37.0	7.05
38.0	9.979
39.0	4.372
40.0	1.617
41.0	1.389
42.0	1.386
43.0	1.809
44.0	1.485
45.0	1.988
46.0	1.79
47.0	1.453
48.0	1.223
49.0	1.603
50.0	12.873
51.0	13.358
52.0	18.451
53.0	16.087
54.0	18.361
55.0	12.977
56.0	18.579
57.0	16.608
58.0	14.135
59.0	10.526
60.0	3.293
61.0	3.377
62.0	2.298
63.0	2.443
64.0	3.314
65.0	3.504
66.0	3.188
67.0	3.366
68.0	2.702
69.0	2.236
70.0	13.506
71.0	13.942
72.0	16.283
73.0	18.702
74.0	10.896
75.0	15.697
76.0	10.429
77.0	19.097
78.0	10.408
79.0	19.675
80.0	12.729
81.0	16.052
82.0	10.315
83.0	13.948
84.0	18.213
85.0	13.787
86.0	10.208
87.0	16.96
88.0	10.495
89.0	13.25
90.0	2.696
91.0	3.634
92.0	2.355
93.0	3.494
94.0	2.886
95.0	2.485
96.0	3.04
97.0	2.467
98.0	3.17
99.0	3.446
100.0	1.519
101.0	1.608
102.0	1.584
103.0	1.433
104.0	1.893
105.0	1.258
106.0	1.483
107.0	1.293
108.0	1.545
109.0	1.665
110.0	8.718
111.0	4.239
112.0	7.594
113.0	5.496
114.0	8.519
115.0	8.286
116.0	7.891
117.0	4.825
118.0	8.576
119.0	7.514
120.0	0.01
121.0	0.01
122.0	0.01
123.0	0.01
124.0	0.01
125.0	0.01
126.0	0.01
127.0	0.01
128.0	0.01
129.0	0.01
130.0	2.669
131.0	2.384
132.0	3.21
133.0	2.781
134.0	2.37
135.0	2.288
136.0	3.824
137.0	3.91
138.0	2.569
139.0	3.412
140.0	7.675
141.0	8.046
142.0	8.43
143.0	8.897
144.0	7.74
145.0	5.048
146.0	9.584
147.0	9.838
148.0	8.81
149.0	8.783
150.0	0.122
151.0	0.469
152.0	0.874
153.0	0.906
154.0	0.891
155.0	0.323
156.0	0.068
157.0	0.248
158.0	1.175
159.0	1.154
160.0	11.507
161.0	19.311
162.0	10.039
163.0	17.049
164.0	18.208
165.0	17.339
166.0	14.606
167.0	13.273
168.0	13.983
169.0	16.137
170.0	6.394
171.0	5.123
172.0	7.371
173.0	7.704
174.0	5.603
175.0	5.879
176.0	8.531
177.0	5.34
178.0	8.573
179.0	5.358
180.0	2.136
181.0	2.363
182.0	2.523
183.0	2.763
184.0	3.644
185.0	3.799
186.0	2.148
187.0	2.917
188.0	2.364
189.0	3.913

