0.0	5.927
1.0	5.55
2.0	9.48
3.0	9.588
4.0	8.386
5.0	4.93
6.0	7.159
7.0	6.5
8.0	6.253
9.0	5.817
10.0	0.78
11.0	0.647
12.0	0.593
13.0	0.196
14.0	0.706
15.0	0.87
16.0	0.781
17.0	1.067
18.0	0.631
19.0	0.041
20.0	1.121
21.0	0.661
22.0	0.752
23.0	0.138
24.0	0.509
25.0	1.048
26.0	0.751
27.0	0.632
28.0	1.177
29.0	0.536
30.0	8.043
31.0	9.674
32.0	4.765
33.0	7.404
34.0	5.064
35.0	6.948
36.0	8.726
37.0	7.692
38.0	9.622
39.0	6.797
40.0	3.902
41.0	2.456
42.0	3.12
43.0	2.39
44.0	3.402
45.0	2.314
46.0	3.525
47.0	2.003
48.0	3.107
49.0	2.619
50.0	1.609
51.0	1.969
52.0	1.252
53.0	1.75
54.0	1.802
55.0	1.354
56.0	1.755
57.0	1.814
58.0	1.461
59.0	1.763
60.0	2.152
61.0	3.648
62.0	2.834
63.0	3.842
64.0	2.271
65.0	3.59
66.0	2.305
67.0	2.995
68.0	2.818
69.0	2.783
70.0	8.825
71.0	8.857
72.0	6.96
73.0	5.697
74.0	6.392
75.0	8.839
76.0	8.506
77.0	6.461
78.0	9.675
79.0	8.828
80.0	10.212
81.0	14.418
82.0	15.059
83.0	19.394
84.0	10.955
85.0	15.434
86.0	16.321
87.0	16.924
88.0	19.418
89.0	17.863
90.0	1.786
91.0	1.775
92.0	1.646
93.0	1.772
94.0	1.558
95.0	1.472
96.0	1.281
97.0	1.845
98.0	1.315
99.0	1.203
100.0	1.226
101.0	1.351
102.0	1.907
103.0	1.354
104.0	1.521
105.0	1.725
106.0	1.947
107.0	1.475
108.0	1.917
109.0	1.434
110.0	18.624
111.0	17.778
112.0	16.801
113.0	10.083
114.0	17.422
115.0	17.353
116.0	10.756
117.0	10.393
118.0	18.333
119.0	16.353
120.0	1.889
121.0	1.795
122.0	1.592
123.0	1.665
124.0	1.754
125.0	1.958
126.0	1.913
127.0	1.505
128.0	1.919
129.0	1.773
130.0	0.01
131.0	0.01
132.0	0.01
133.0	0.01
134.0	0.01
135.0	0.01
136.0	0.01
137.0	0.01
138.0	0.01
139.0	0.01
140.0	2.463
141.0	3.854
142.0	2.435
143.0	2.461
144.0	2.02
145.0	2.982
146.0	2.516
147.0	3.939
148.0	3.446
149.0	2.667
150.0	0.01
151.0	0.01
152.0	0.01
153.0	0.01
154.0	0.01
155.0	0.01
156.0	0.01
157.0	0.01
158.0	0.01
159.0	0.01
160.0	0.007
161.0	0.577
162.0	0.826
163.0	0.128
164.0	0.969
165.0	0.22
166.0	0.483
167.0	0.262
168.0	0.868
169.0	0.287
170.0	1.537
171.0	1.759
172.0	1.373
173.0	1.835
174.0	1.283
175.0	1.32
176.0	1.416
177.0	1.463
178.0	1.666
179.0	1.224
180.0	3.814
181.0	3.004
182.0	2.303
183.0	2.148
184.0	3.057
185.0	3.164
186.0	2.824
187.0	2.016
188.0	3.398
189.0	3.884

