0.0	0.002
1.0	0.355
2.0	0.926
3.0	0.514
4.0	0.94
5.0	0.411
6.0	0.117
7.0	1.076
8.0	0.45
9.0	0.724
10.0	15.043
11.0	17.28
12.0	16.775
13.0	10.904
14.0	15.887
15.0	11.157
16.0	15.751
17.0	14.432
18.0	15.594
19.0	14.334
20.0	1.077
21.0	1.152
22.0	0.721
23.0	0.423
24.0	0.118
25.0	0.276
26.0	0.664
27.0	0.969
28.0	0.316
29.0	0.797
30.0	2.081
31.0	3.724
32.0	2.76
33.0	3.091
34.0	3.293
35.0	3.675
36.0	2.903
37.0	2.173
38.0	2.449
39.0	3.377
40.0	0.01
41.0	0.01
42.0	0.01
43.0	0.01
44.0	0.01
45.0	0.01
46.0	0.01
47.0	0.01
48.0	0.01
49.0	0.01
50.0	15.12
51.0	19.205
52.0	16.138
53.0	16.9
54.0	18.058
55.0	19.862
56.0	19.649
57.0	18.479
58.0	15.325
59.0	18.349
60.0	1.945
61.0	1.84
62.0	1.755
63.0	1.231
64.0	1.346
65.0	1.46
66.0	1.277
67.0	1.699
68.0	1.264
69.0	1.612
70.0	13.691
71.0	19.064
72.0	16.587
73.0	11.861
74.0	12.675
75.0	12.672
76.0	19.023
77.0	18.455
78.0	16.616
79.0	18.172
80.0	0.01
81.0	0.01
82.0	0.01
83.0	0.01
84.0	0.01
85.0	0.01
86.0	0.01
87.0	0.01
88.0	0.01
89.0	0.01
90.0	0.01
91.0	0.01
92.0	0.01
93.0	0.01
94.0	0.01
95.0	0.01
96.0	0.01
97.0	0.01
98.0	0.01
99.0	0.01
100.0	1.782
101.0	1.396
102.0	1.665
103.0	1.364
104.0	1.329
105.0	1.311
106.0	1.607
107.0	1.653
108.0	1.428
109.0	1.724
110.0	0.699
111.0	0.582
112.0	1.06
113.0	0.845
114.0	0.827
115.0	0.73
116.0	0.184
117.0	0.223
118.0	0.802
119.0	1.085
120.0	2.362
121.0	3.135
122.0	3.146
123.0	3.253
124.0	2.624
125.0	3.207
126.0	2.674
127.0	2.055
128.0	3.338
129.0	2.017
130.0	1.887
131.0	1.978
132.0	1.323
133.0	1.436
134.0	1.505
135.0	1.479
136.0	1.399
137.0	1.783
138.0	1.803
139.0	1.218
140.0	0.01
141.0	0.01
142.0	0.01
143.0	0.01
144.0	0.01
145.0	0.01
146.0	0.01
147.0	0.01
148.0	0.01
149.0	0.01
150.0	12.43
151.0	16.977
152.0	19.262
153.0	12.406
154.0	13.933
155.0	16.811
156.0	13.875
157.0	19.434
158.0	10.026
159.0	15.009
160.0	4.894
161.0	4.273
162.0	9.973
163.0	6.135
164.0	7.774
165.0	9.882
166.0	4.667
167.0	4.743
168.0	8.474
169.0	4.867
170.0	1.238
171.0	1.664
172.0	1.528
173.0	1.8
174.0	1.836
175.0	1.336
176.0	1.253
177.0	1.839
178.0	1.791
179.0	1.942
180.0	1.525
181.0	1.464
182.0	1.971
183.0	1.897
184.0	1.228
185.0	1.67
186.0	1.497
187.0	1.624
188.0	1.424
189.0	1.968

