0.0	1.944
1.0	1.442
2.0	1.584
3.0	1.967
4.0	1.232
5.0	1.508
6.0	1.848
7.0	1.292
8.0	1.566
9.0	1.846
10.0	2.726
11.0	2.305
12.0	2.377
13.0	3.674
14.0	2.868
15.0	2.432
16.0	3.89
17.0	3.418
18.0	2.138
19.0	3.337
20.0	1.097
21.0	0.037
22.0	0.484
23.0	0.217
24.0	0.646
25.0	0.166
26.0	1.133
27.0	0.376
28.0	1.006
29.0	0.418
30.0	2.053
31.0	2.832
32.0	2.609
33.0	3.525
34.0	2.817
35.0	3.468
36.0	3.748
37.0	3.848
38.0	2.475
39.0	3.531
40.0	1.305
41.0	1.559
42.0	1.817
43.0	1.894
44.0	1.601
45.0	1.902
46.0	1.87
47.0	1.483
48.0	1.989
49.0	1.63
50.0	0.727
51.0	0.611
52.0	0.033
53.0	1.116
54.0	0.281
55.0	0.184
56.0	0.352
57.0	0.078
58.0	0.407
59.0	1.091
60.0	0.947
61.0	1.103
62.0	0.397
63.0	0.871
64.0	0.209
65.0	1.148
66.0	0.732
67.0	0.312
68.0	0.903
69.0	0.534
70.0	0.104
71.0	0.852
72.0	0.528
73.0	0.833
74.0	0.762
75.0	0.85
76.0	1.077
77.0	0.166
78.0	0.913
79.0	0.505
80.0	3.164
81.0	3.962
82.0	2.301
83.0	3.409
84.0	2.094
85.0	3.454
86.0	2.157
87.0	3.258
88.0	3.311
89.0	2.556
90.0	14.816
91.0	15.502
92.0	13.282
93.0	18.148
94.0	10.385
95.0	13.88
96.0	10.289
97.0	17.369
98.0	11.652
99.0	11.289
100.0	1.888
101.0	1.26
102.0	1.339
103.0	1.981
104.0	1.656
105.0	1.867
106.0	1.638
107.0	1.569
108.0	1.239
109.0	1.463
110.0	5.347
111.0	7.081
112.0	5.633
113.0	9.153
114.0	4.473
115.0	7.419
116.0	6.697
117.0	5.441
118.0	4.524
119.0	6.94
120.0	1.422
121.0	1.406
122.0	1.446
123.0	1.493
124.0	1.683
125.0	1.665
126.0	1.644
127.0	1.302
128.0	1.829
129.0	1.438
130.0	7.538
131.0	8.097
132.0	8.551
133.0	8.399
134.0	9.337
135.0	4.431
136.0	4.081
137.0	9.217
138.0	8.692
139.0	9.95
140.0	0.01
141.0	0.01
142.0	0.01
143.0	0.01
144.0	0.01
145.0	0.01
146.0	0.01
147.0	0.01
148.0	0.01
149.0	0.01
150.0	6.575
151.0	8.634
152.0	7.598
153.0	4.142
154.0	6.581
155.0	9.473
156.0	8.263
157.0	9.2
158.0	5.506
159.0	5.554
160.0	0.477
161.0	0.758
162.0	0.793
163.0	1.196
164.0	0.21
165.0	1.117
166.0	0.671
167.0	0.977
168.0	1.072
169.0	1.114
170.0	0.01
171.0	0.01
172.0	0.01
173.0	0.01
174.0	0.01
175.0	0.01
176.0	0.01
177.0	0.01
178.0	0.01
179.0	0.01
180.0	1.64
181.0	1.456
182.0	1.392
183.0	1.59
184.0	1.891
185.0	1.278
186.0	1.293
187.0	1.548
188.0	1.75
189.0	1.657

