0.0	0.83
1.0	0.493
2.0	1.142
3.0	0.147
4.0	0.277
5.0	0.295
6.0	0.835
7.0	1.093
8.0	1.048
9.0	0.835
10.0	0.01
11.0	0.01
12.0	0.01
13.0	0.01
14.0	0.01
15.0	0.01
16.0	0.01
17.0	0.01
18.0	0.01
19.0	0.01
20.0	3.564
21.0	2.398
22.0	3.347
23.0	3.136
24.0	2.28
25.0	3.944
26.0	3.79
27.0	2.949
28.0	3.189
29.0	3.198
30.0	5.833
31.0	5.102
32.0	5.821
33.0	7.547
34.0	9.55
35.0	9.083
36.0	9.652
37.0	5.592
38.0	4.712
39.0	9.284
40.0	0.01
41.0	0.01
42.0	0.01
43.0	0.01
44.0	0.01
45.0	0.01
46.0	0.01
47.0	0.01
48.0	0.01
49.0	0.01
50.0	19.886
51.0	14.862
52.0	13.864
53.0	13.921
54.0	16.28
55.0	19.481
56.0	18.91
57.0	11.211
58.0	19.093
59.0	15.409
60.0	15.014
61.0	18.379
62.0	12.667
63.0	16.219
64.0	12.933
65.0	18.239
66.0	15.516
67.0	14.35
68.0	15.318
69.0	17.755
70.0	5.218
71.0	6.833
72.0	4.396
73.0	7.709
74.0	5.072
75.0	4.949
76.0	7.825
77.0	9.038
78.0	9.293
79.0	4.939
80.0	9.586
81.0	7.944
82.0	4.636
83.0	6.12
84.0	8.02
85.0	5.256
86.0	5.625
87.0	4.519
88.0	6.79
89.0	4.346
90.0	1.742
91.0	1.224
92.0	1.25
93.0	1.569
94.0	1.343
95.0	1.764
96.0	1.337
97.0	1.749
98.0	1.965
99.0	1.413
100.0	2.407
101.0	3.629
102.0	3.316
103.0	3.451
104.0	3.845
105.0	2.944
106.0	3.878
107.0	2.392
108.0	3.017
109.0	2.747
110.0	3.551
111.0	2.399
112.0	3.563
113.0	2.1
114.0	3.363
115.0	2.797
116.0	3.026
117.0	3.451
118.0	3.228
119.0	3.426
120.0	1.771
121.0	1.221
122.0	1.306
123.0	1.471
124.0	1.746
125.0	1.715
126.0	1.799
127.0	1.743
128.0	1.884
129.0	1.845
130.0	9.099
131.0	9.851
132.0	8.814
133.0	8.346
134.0	6.119
135.0	8.254
136.0	6.46
137.0	9.74
138.0	9.91
139.0	5.987
140.0	0.637
141.0	0.54
142.0	0.339
143.0	0.058
144.0	0.243
145.0	1.16
146.0	0.06
147.0	1.095
148.0	0.715
149.0	0.857
150.0	3.152
151.0	3.874
152.0	2.525
153.0	2.966
154.0	3.226
155.0	3.379
156.0	2.624
157.0	3.957
158.0	2.117
159.0	3.214
160.0	4.236
161.0	9.513
162.0	8.489
163.0	9.429
164.0	9.071
165.0	9.12
166.0	6.016
167.0	9.0
168.0	6.484
169.0	5.028
170.0	11.215
171.0	16.565
172.0	17.893
173.0	13.68
174.0	10.82
175.0	19.115
176.0	19.341
177.0	12.503
178.0	15.776
179.0	16.915
180.0	0.01
181.0	0.01
182.0	0.01
183.0	0.01
184.0	0.01
185.0	0.01
186.0	0.01
187.0	0.01
188.0	0.01
189.0	0.01

