0.0	2.063
1.0	2.099
2.0	3.202
3.0	2.203
4.0	3.389
5.0	2.178
6.0	2.57
7.0	3.798
8.0	3.87
9.0	2.627
10.0	5.442
11.0	6.413
12.0	5.791
13.0	4.844
14.0	5.973
15.0	4.282
16.0	9.916
17.0	5.201
18.0	6.76
19.0	9.278
20.0	7.477
21.0	5.546
22.0	7.277
23.0	5.053
24.0	5.359
25.0	6.584
26.0	4.747
27.0	6.388
28.0	9.989
29.0	9.124
30.0	1.115
31.0	1.182
32.0	0.542
33.0	0.269
34.0	1.057
35.0	1.196
36.0	0.519
37.0	0.201
38.0	0.274
39.0	0.051
40.0	0.638
41.0	0.905
42.0	0.148
43.0	0.779
44.0	0.169
45.0	0.332
46.0	1.048
47.0	1.2
48.0	1.035
49.0	0.365
50.0	1.381
51.0	1.327
52.0	1.725
53.0	1.827
54.0	1.524
55.0	1.278
56.0	1.23
57.0	1.699
58.0	1.389
59.0	1.949
60.0	16.441
61.0	10.607
62.0	17.305
63.0	16.6
64.0	15.936
65.0	14.587
66.0	18.166
67.0	14.15
68.0	16.167
69.0	16.605
70.0	17.347
71.0	18.226
72.0	10.52
73.0	17.065
74.0	12.629
75.0	12.752
76.0	13.138
77.0	14.02
78.0	11.711
79.0	10.26
80.0	13.552
81.0	15.397
82.0	19.573
83.0	13.255
84.0	11.498
85.0	18.78
86.0	11.816
87.0	19.14
88.0	12.06
89.0	13.594
90.0	1.119
91.0	0.421
92.0	0.012
93.0	0.461
94.0	0.029
95.0	0.287
96.0	0.268
97.0	0.89
98.0	1.021
99.0	0.734
100.0	18.325
101.0	11.561
102.0	15.195
103.0	19.411
104.0	16.881
105.0	17.376
106.0	16.959
107.0	10.014
108.0	12.639
109.0	18.269
110.0	0.711
111.0	0.512
112.0	0.386
113.0	0.714
114.0	0.269
115.0	0.605
116.0	0.538
117.0	1.035
118.0	0.331
119.0	0.044
120.0	3.777
121.0	3.97
122.0	3.742
123.0	2.492
124.0	2.35
125.0	3.445
126.0	2.818
127.0	2.973
128.0	3.627
129.0	2.264
130.0	1.89
131.0	1.431
132.0	1.294
133.0	1.388
134.0	1.655
135.0	1.992
136.0	1.794
137.0	1.587
138.0	1.722
139.0	1.837
140.0	0.339
141.0	0.294
142.0	0.93
143.0	0.58
144.0	0.754
145.0	0.96
146.0	1.007
147.0	1.191
148.0	1.102
149.0	0.454
150.0	0.851
151.0	0.639
152.0	0.122
153.0	0.324
154.0	0.804
155.0	0.436
156.0	0.946
157.0	0.53
158.0	0.17
159.0	0.168
160.0	18.918
161.0	10.321
162.0	14.834
163.0	15.861
164.0	10.294
165.0	16.209
166.0	14.552
167.0	19.57
168.0	14.118
169.0	16.799
170.0	3.758
171.0	3.875
172.0	2.649
173.0	3.215
174.0	3.384
175.0	3.843
176.0	2.602
177.0	3.025
178.0	2.686
179.0	3.216
180.0	3.099
181.0	2.64
182.0	3.529
183.0	2.802
184.0	2.116
185.0	3.348
186.0	3.549
187.0	2.67
188.0	2.549
189.0	2.944

