0.0	0.836
1.0	0.912
2.0	0.719
3.0	1.071
4.0	0.883
5.0	0.63
6.0	0.14
7.0	0.37
8.0	0.751
9.0	0.061
10.0	2.334
11.0	2.7
12.0	3.938
13.0	3.237
14.0	2.581
15.0	2.893
16.0	2.088
17.0	3.735
18.0	2.779
19.0	2.402
20.0	18.731
21.0	11.203
22.0	12.846
23.0	17.394
24.0	16.228
25.0	11.637
26.0	12.252
27.0	14.059
28.0	15.859
29.0	11.117
30.0	2.347
31.0	3.518
32.0	3.268
33.0	3.406
34.0	3.974
35.0	2.362
36.0	3.868
37.0	3.446
38.0	2.469
39.0	2.332
40.0	3.582
41.0	2.473
42.0	3.596
43.0	2.795
44.0	3.854
45.0	3.204
46.0	2.078
47.0	2.818
48.0	3.744
49.0	2.857
50.0	4.119
51.0	7.909
52.0	8.754
53.0	5.036
54.0	8.485
55.0	7.061
56.0	4.771
57.0	5.809
58.0	4.462
59.0	6.222
60.0	0.01
61.0	0.01
62.0	0.01
63.0	0.01
64.0	0.01
65.0	0.01
66.0	0.01
67.0	0.01
68.0	0.01
69.0	0.01
70.0	1.866
71.0	1.917
72.0	1.439
73.0	1.212
74.0	1.311
75.0	1.416
76.0	1.987
77.0	1.651
78.0	1.725
79.0	1.613
80.0	5.219
81.0	9.352
82.0	9.682
83.0	8.285
84.0	6.924
85.0	7.574
86.0	8.116
87.0	4.03
88.0	8.712
89.0	6.03
90.0	0.409
91.0	0.377
92.0	0.34
93.0	0.13
94.0	0.615
95.0	0.115
96.0	0.711
97.0	0.304
98.0	0.881
99.0	0.81
100.0	13.135
101.0	19.83
102.0	19.028
103.0	18.179
104.0	13.442
105.0	17.808
106.0	15.756
107.0	11.136
108.0	18.804
109.0	10.919
110.0	8.816
111.0	5.806
112.0	4.763
113.0	9.517
114.0	8.418
115.0	6.957
116.0	4.875
117.0	9.178
118.0	4.334
119.0	9.425
120.0	0.01
121.0	0.01
122.0	0.01
123.0	0.01
124.0	0.01
125.0	0.01
126.0	0.01
127.0	0.01
128.0	0.01
129.0	0.01
130.0	8.804
131.0	5.478
132.0	9.121
133.0	6.536
134.0	9.616
135.0	5.885
136.0	9.662
137.0	7.122
138.0	7.211
139.0	9.764
140.0	3.919
141.0	2.928
142.0	2.647
143.0	2.175
144.0	2.753
145.0	2.079
146.0	3.985
147.0	3.833
148.0	2.156
149.0	2.765
150.0	4.899
151.0	4.174
152.0	9.67
153.0	4.482
154.0	7.33
155.0	7.568
156.0	7.928
157.0	5.506
158.0	8.701
159.0	9.53
160.0	1.287
161.0	1.935
162.0	1.378
163.0	1.419
164.0	1.718
165.0	1.983
166.0	1.493
167.0	1.926
168.0	1.482
169.0	1.276
170.0	0.01
171.0	0.01
172.0	0.01
173.0	0.01
174.0	0.01
175.0	0.01
176.0	0.01
177.0	0.01
178.0	0.01
179.0	0.01
180.0	0.292
181.0	1.083
182.0	0.305
183.0	1.165
184.0	0.28
185.0	0.937
186.0	0.833
187.0	0.897
188.0	0.595
189.0	0.459

